5032
483420281
675042943
505102201
-657689633
-806822035
-13161723
-1509937123
-1582344910
1298188962
973252706
-1902692118
1327483495
155733950
-1061016387
-1983902814
-1032321084
1411948058
-1416312511
-1605802154
353052522
1095818569
-1021304776
1333891742
1043446799
2078895932
2100934174
1581308195
904466587
-2030039670
-1650867872
-2002505057
-1956327409
-453551844
555570754
-1784350124
456389695
-1810495841
826323054
744410685
658505285
992408544
901551651
1411176971
-1352740645
-1169607549
-384387433
-1580959359
518640514
956518032
-1142404478
-1472357150
1817661633
-2072789922
-957148641
-38163150
120777782
171624275
-1771805608
-1070657690
178501207
21339532
-413739088
931014024
-780369675
80950268
-180812292
736606348
-950416196
2083793935
1676900569
1602495258
-509298710
-430346259
-604048316
112000059
200435188
1400609032
2085955680
-1193844730
1979964098
-1106719121
-900767145
-1733807624
-1561906143
-425161983
312222842
-824703643
586379978
1646293837
802879824
1224152438
1962173759
-1502278638
2059658705
-760221687
-338463652
305576722
564852707
-1617739737
-1816147309
818936093
1927702847
2105368186
1925177474
-514632908
1965438057
-1929039376
-1167920377
1215768352
-1128137983
1043302278
-860192521
-2048517227
627023789
-89560322
-180060216
-1490087793
-2026202992
-794769292
2000441992
1948204639
1268444204
1815697180
-1717802659
-264391030
-1503752089
1045711403
-579050289
-270925240
2118952900
-788294535
-656635687
-108095520
-692489135
1403589318
-1884444987
-1236965913
207188160
-657868474
-1270780504
1390029095
-1275484859
658074745
574216695
-748960621
1969593090
-2118201676
-1446149429
656827015
363970434
1758364886
-1914646038
296160741
-1438333216
1601049991
382238591
1865411956
1902474631
1257300379
-1989698623
1918776908
1999551495
1252776248
1302863044
-1742511890
-1220496211
-24156133
2134265611
-1836593342
1907761144
-361395171
228283292
603857333
88132167
-1100430929
305602669
-925939513
-1698893963
1264706339
-84212735
1074791616
-409505497
1776198146
-2006126190
387024083
1642912757
-839919949
94455612
-782356204
1961119705
1990252338
-1428596721
-486166090
-1111258125
-249182967
1156032213
2001766788
1500595760
-160177467
271035409
80668230
1357371540
-618697867
-1364193273
-1961147689
2112852836
1683516583
522491189
-1775676145
323115145
-1528750131
1815635712
473187510
1464521362
61199128
1188916483
1828766175
-1232797248
348579525
1009687046
-1947157016
-302372440
-1421171032
-803407762
1020010072
-1823897107
-1243370562
-730066249
-502645073
1145507337
1817244095
-1450429141
-1308367177
-1631105874
1832917303
1167744670
-2066400832
-812658144
-1587717274
-1874280130
500064300
424892257
1113436200
-119983585
-1119720732
-1316810133
811878178
-1829607476
296684362
-738499427
360021587
-1398102231
964010539
-1460139701
-993529408
-897828545
-482607551
962645149
-1641882331
57861826
-629515113
-861492526
1681193150
1153896093
1289107042
1632435910
-1177753337
269522109
-1130366897
1260400671
-497203552
-1176532871
2144390181
1804051593
731816092
-385983747
1220696229
42157224
108185628
-635780936
-851710387
1130516293
-1463477358
-1703606272
-246441532
305891723
113100901
-1001304025
-431994377
-941275693
1372001227
-1787607143
546291969
1235946631
-1160450569
-1569684168
1767104532
403602983
-864811248
-855297403
-1026811552
-49473011
87457130
957565533
-386171478
-466983618
1666127958
710923783
-1448076620
1662445367
-1500206345
267032836
2010058482
-1766859625
546429120
-2064343621
-1982387662
-71447430
808508545
-808301059
1751687587
-1551590009
-1051044152
-1151802582
-614035525
-108410469
1600317456
55514510
109535352
1584465901
-1527610909
-1871718653
1491109681
1730563848
1613558174
1332703930
-1573940698
-1297503942
-361738429
1972336907
631125898
321589718
1483890117
-2011365036
-1477523975
-885897687
-903584150
-19177829
1241047502
-408854880
421136101
616024401
1224653869
1203596090
-803569229
-899228338
-1496205986
1968370046
-1847834222
1604948066
-1286387034
803049148
-977076710
-203926069
96478806
1441359979
105697045
1584706076
1068736290
1059384743
230694387
-1225228915
-58735978
138726963
535402357
-2029396725
1152771048
761872345
-215663958
2068951715
-944457834
1388182015
-226714344
-1636770032
-141401295
921597569
-675778942
1973608461
-624020445
596857886
1706527665
682249579
1833327214
-746215558
-1309688833
-1544232487
-1649060522
1538532033
1286005841
1730218955
1801627872
-1183559134
-1402213692
-977588528
525910859
95349949
1511056298
-1967838870
-1451178222
-1549969017
401509821
-262439625
811724767
775728757
1878393460
1621160625
1410864188
32018225
-1990373806
665421150
957887634
-1375234160
-769985736
1744733099
1859630282
941055661
-586930964
656984422
451642533
-1662687633
-976362336
-152419389
-528512548
2106167562
203287390
-75118388
-802609673
-1628317842
-507874503
-653563524
-216042367
-1431130449
-787802567
47673150
-1028862868
540802974
-840116846
-1252357438
-710466970
778986759
-216000466
-1210467514
1545405104
1162848995
-1810662937
1558128359
1253930000
1372879506
-550664645
156733714
-1560556335
943829790
-434590386
-255740550
-216375458
975640145
-323437206
-421039926
298989989
859948511
640336609
456187772
702854298
-976433929
-1998587068
572911548
-273964165
1896167210
975694298
-449646542
1736941368
1049306260
142720809
-1173265015
604607318
-1315398491
1182084551
-232473979
1530612728
-1534417729
1163287824
1875006972
2079313745
1950696106
1743123707
-1615791272
97246982
-1353146575
2027652466
1915264746
-18319394
1357345928
470054114
1781316645
1821185842
993554526
1733745052
-389879177
-1856698927
-1374091190
-1677739279
-166482670
-1460569964
-2054007786
-8466496
-750912434
-1265546783
-1372170236
-1231408667
108352383
-525889598
743558834
-1198285437
1739533097
1064385983
1494382727
-2071142594
1839130578
1047828529
-1756623168
662616291
1051368248
514173526
824303283
-1981953976
64261756
-362547380
1604592265
-12445149
1509449215
397554533
-810917058
-1829460539
-309203653
-473384588
-1048631746
1196157972
-847557027
-1986976764
-2111347871
849121567
-1203619744
2140698040
-1194205329
-327674268
1397353909
-1435129358
-82895598
-1242580199
-962849337
451488279
1095328948
-1539754453
-2002727109
-1163844495
-947384800
-1872064346
1085507188
-1959781622
-2105259598
147438046
1153089629
-712500916
-1146668033
-1692490307
-1524779442
1283366921
-2133588873
-1222974263
1231212631
587737834
1043380227
104867867
-1634802916
-883970869
1981884250
-1142601959
1172575752
337933404
-1307081885
630763632
-1189638468
-1607420485
777829261
-1085750490
-1151244359
1103704634
798741406
-1353565998
-1463747701
201928865
-490192699
1366457843
1891480545
-1766241965
1167648774
24438708
1879986390
1417405383
-2030504803
705812110
-1425006805
852399914
2098925588
925112332
-995943356
-210449332
1648577451
138370845
-744011850
-316789045
1461971958
559759880
603822318
2009490474
417956106
1927110485
-670531079
-1505871233
983929764
518190920
-781884498
935619813
-1485811551
2027096155
-1968287095
336382334
-1874776532
-1239584329
744285976
-749800906
-1686085559
1066741801
-895658575
1407691264
488981661
516862667
619596698
436431583
-366051155
116655575
1843385811
-1018763671
2084273124
-1692372892
555755546
589344508
1410517363
-804786253
1362285898
1744188436
833492395
-1543635485
1547233929
-273120484
-1198548096
1904768329
1280760860
680025102
-1214265198
785982062
1393377960
-1444965680
-362879500
-1468143512
1316098277
-1965625655
-470691730
1824113555
580721493
-1101592875
761272822
2131970598
1625250711
453236113
1609722196
1629557728
1574349856
1301650030
728892899
-653183590
284545244
-585277372
-241014418
-206197733
563048689
1128490732
1611289419
1247476091
240169266
-1776162851
477113225
1015094495
-258018226
-726336672
414944846
1088117980
1497000641
47039124
1353203518
255584708
1853740965
-607790077
-114566940
-1333081482
635447076
-368666912
-661026369
139771363
928176586
1200437563
-1025228782
-1296704785
-2069863537
1862047617
407358567
249177199
692781843
-744167131
-1836998319
2105957315
1983140566
99805128
-846610471
-1777473207
344936918
-37308802
1620560893
-995940131
-1739848997
676844439
703429144
-712593598
-1597575761
1235228149
1606075657
297725829
-553763096
-1384102745
-1518624045
648644488
-1207485252
781644217
244681904
-93577211
906537457
2143161393
1886509374
-1284079612
-1041274559
1265583422
-72363486
1835649490
-1909556444
-287203664
-1946689599
864171397
-611374277
217090526
1572339771
-108774469
708435244
2146978615
-556050524
-773280693
-76332848
-377569719
-1462929474
-689908419
-879640274
-585487150
-1268490431
1857750847
1792167583
-2113088927
464291011
-204300454
1785057936
-1483646419
-871945811
-1384641777
899205336
183815591
1347009784
1843373921
-1372147771
-1403466406
-1927030154
-920874888
2015487797
-1452536388
-1902624648
-1555574192
-1550645716
2134700995
1267883703
-1611582312
-1751277442
-1967957836
1797096825
2129915464
-1288451374
599789066
1892473823
896694398
302826868
-626087983
-1433376431
-286185521
1006731563
-788581366
1252162409
-886927746
-416947394
-980110413
-1716104405
1225393294
835105194
430741149
349038434
-1330369737
952118060
2083884494
-1717211953
855318321
257975110
1994420404
877426052
-1448109064
-1218833382
-166297567
-787769486
679858590
-1530730297
-1366787250
1382191749
1748823046
2073053238
-693562913
1667745356
1606603179
406936977
1124894410
-220269808
-1619537977
1599123145
-725513791
806031667
-1142479984
-1206363060
1275997112
-190386268
703636436
-268756954
615587906
1938155228
164043456
2111821696
-223281548
536414112
15350498
-804553274
1081988368
1911291854
-1375854312
-2010819212
-307061352
1099170516
-816871261
338129433
1577251098
68647888
-560199122
582392525
-961242804
476869664
901879070
-1832913693
636051078
-1387185734
-4844908
-584163766
8274944
-1775106953
-2039462529
-489652430
1555357825
1551566734
-777846612
-455717428
-53363243
2009483039
896032362
500874302
134051122
1677431396
-845544441
-1351396393
-1971055264
1739652521
-2036815190
1989869158
1157339199
1988602189
-820945785
-1799139653
866235940
14517428
-1730999013
494137162
-34527554
-210511169
-268391473
-1439974232
-2123743721
1931527151
1611940576
-1675701985
187058303
-719007131
773224297
1408570342
1018011898
776165597
255731334
-400737333
331824846
-2137753362
27319068
-894512112
-1046344062
-1745446185
293771418
-2114968346
-293933874
-1935826435
-136293955
-768191455
-284504131
-351782727
218568937
-1029377729
-1166576711
-1767543402
440650447
-1935697585
2099550995
-1658337309
1328689158
1909948426
-130521428
729458358
-1587652517
-979460229
-1577528967
-59236589
-268291812
2091519372
1821599047
-234538683
-79711653
-2142148981
410770487
932352202
426085782
-2074153994
391810187
39863921
-1834607289
-1307579552
-1983796394
1983658487
-1272724682
-1446175608
-612366741
-395615771
1920399918
1238528843
-346184488
-1793460072
731449222
-2116283270
-955723513
-1628717562
-684262842
-942638423
-1837601864
-1789169351
-865089699
1984215218
-922667060
-1115008398
-302844516
504132903
-2089980682
1679018280
1326654392
918809706
-1403858377
750016727
-433935924
691161393
-85936827
640873178
-642780633
711650837
1930754181
-443626442
-284560345
-576224170
1425538153
-1292252549
-534781974
-1669797488
-1960437340
-1598162576
-1833875661
-61664733
1013250221
1459057358
-1102289421
-1612046873
2046439842
-283851000
-1645143261
299667309
528365637
-64999117
-1066657128
-11268163
-24333700
-1375682832
933312614
-223383736
1236194685
161271031
-1259715374
257755140
-2056810483
-174699612
-591665892
-251172553
905274385
-1379617902
-428678837
-1792067555
557690101
731863278
87297199
-772676525
1545858800
940083936
-1730501070
1720337565
1279700673
1150719029
-442805980
766237693
-640868467
-680048198
1719016693
-1008397399
87801501
1305395624
-1235647561
-2022744573
961070532
-1514647932
700918572
-485647819
1192739363
-1164202819
-2145867133
2100422302
-1482399730
1716863584
1494159739
1523755848
2133344662
-1824956351
1426153251
-1620174537
227180066
-519323186
1878564440
-1977379911
-821369777
1122463614
910244719
88708687
1960071388
1823645515
-478126802
-535926454
-1850622161
1759030107
-808425647
1042539550
-1198588567
-99057779
1939834298
1728364230
371152181
-106393482
-1629977225
-708650193
764283076
-4903283
-885614102
-754067138
-732190035
-1660256754
1557283755
1494028119
-1463783138
1996632322
583101775
-2131260663
265070015
-663446935
988587835
873619765
-1334586477
1231127377
-663253515
1892832941
-1325425394
145560612
-1224253936
-903769404
-67865349
1819021210
626869931
868083333
-2065051671
-1315132638
2069612133
291094561
1437073722
-648224949
898325722
1637443114
-746150927
1800294093
-1212881078
2146274062
606306602
995851632
-1876551837
747733618
-1587245313
-989512589
-294687912
-690884660
675764463
339550733
1244811508
1638340651
463221030
392326077
-77603907
340443958
930552161
916715138
-841982172
-1602516095
1685403228
-1809677096
-1744918573
1706758326
-692734522
1087961932
-15085472
1422189344
783407199
572186305
1490300331
1526568217
1484842030
-950842422
-1600579710
793093065
1506427532
-1400681153
-2139620846
-2030966561
258300293
-697999883
-163878653
1695329994
1520909730
-1011940731
830984565
-211630630
1812451899
-1883164998
952689759
923243663
1519609438
-892477213
1954475825
-959838764
1631450884
1800676566
806482983
171526075
-1878734423
-125646399
31079646
589092672
573472792
388306784
682135922
1901966384
1240226335
540259254
1344029297
-2063370302
1152384064
-1990564784
-2037829961
1521921026
1302746290
587087027
2082039448
-1766118146
1226275667
803992902
980607521
1830937651
-110531072
-234087645
-1073923918
-51789873
-1312076937
483456462
-1622963560
-2072541991
-1845323409
-1510085835
-1125541731
-263542295
1429651239
1417201935
1661355042
-1318871551
-962896798
855439687
-650712655
-1271828462
435555955
-560132886
951430319
578084834
-1152014217
-1036875281
-931888101
-940764048
-1339036181
476029653
405813829
2046998725
-802263073
569315696
-915165876
1185443490
-1065693245
1906717786
-1617107331
1001392879
-2056093323
1262426172
291779981
2073489327
-1130978610
1243698954
1287694125
-1221400344
-1274185476
1306125404
1812073600
-687987881
-2077360564
-1872359872
-1876913418
611150821
-1574838859
678619732
669890603
-1839125341
1847040648
-567725945
-393591549
-941389150
808954965
825139348
-1143995708
-1531155637
-1273543953
616157721
-803425862
-1744803120
-163514364
794609352
5979319
-2128315871
885069517
-1626310637
459137987
-1268615815
-13886506
240061471
-163783523
-2039886658
-2044095726
1465705342
-884806369
1618018774
1645246985
2124469974
-168869577
375114869
-1275162741
155326600
196698254
-570091404
479086646
1470101472
784411417
2125755863
-314897233
2110797983
-1311413001
-1035898667
-1561629291
1071743804
-570500863
945012058
1116150809
-1493239365
1562911748
1702615358
1226782587
590585143
-1032519538
38156340
-447397990
-2018877725
1118148396
1015390918
-16019301
-697685649
2037388332
-155555903
-704747678
343493016
-1778128949
1177331556
1487647673
-1277290038
468058933
1644896266
-765586537
-1733553444
-1210930432
2109242666
-1192833931
-1243329907
1230369719
1192542546
584092679
-677782605
1962365577
890717022
-354378761
-1933409811
888719503
1895943373
127981824
774852490
-950553826
333315357
428435035
1678319934
-1770560404
1451439437
1983291850
-2135155387
1123069429
1588372409
1807148105
831895432
2032995707
-208905415
-1528260977
-1809535481
1534807488
1887088791
860507644
213890443
-1931133485
-2105398222
-33112776
253989441
-455954765
1387065129
2001026189
1827342391
-284869925
-1147797394
1184446333
-1120630919
1725246067
-1938147501
-847525924
-561211935
788680342
-1667450577
-47163896
-1840749093
1765455578
293252664
-1641097511
-2082395873
25676950
1329941047
644159404
-1532051146
-1416161510
-1536802087
-817274618
-1601546164
2060495509
484214341
-1951268801
-898311465
913671695
-938501732
-635859844
-1396267550
1728072446
-104595559
-1337887015
834436874
1634791081
1677819
328012488
607782623
-453254463
1141025315
-52426454
-259786612
-43301974
1487382455
-866398701
-366161136
1966732908
-937022952
19121376
-745206985
-1221515624
-1494360178
407825243
-239526509
-1262441177
-823874899
-1073052071
1136178821
-1614789129
2010094161
967742618
-264864864
299268464
1159881468
386114390
1622617267
1759918979
511113036
1753851730
-1355832292
522875544
-1806461727
-1578530538
276515700
1359501635
-1622877048
-1833023162
-785111465
-1235569568
-986570737
906782909
1351903610
1969113110
665782192
1300009498
-1020976105
-1280073029
52609415
254039543
1948822406
-523077998
-767797691
42206698
-1219564922
-750543420
1611389751
134860321
-1364821979
-544944492
-1748006152
1569645061
1003084520
-1436186309
398110326
117112605
1054458455
-313152122
1232637197
1639396786
1702634377
-846689193
-934337419
972797045
358497747
521150944
-673433677
1242190391
-789163444
1186574
-787732970
-1693807236
-1473084354
295640227
1326208730
514963544
-771251578
-506469919
-813070883
-1952264745
2097485085
771021227
-1573382942
-1040783272
1298149925
2133566082
2048808885
-487735017
-330871965
-1897468179
-1801754236
-202890170
1164992385
-1165676773
1833432625
-1623475103
-2126662036
-2042481414
289150141
-1846615391
143026849
-2067866804
1521015654
-1560984926
-929225141
-1539938639
596591649
-1398903121
1851680886
1848129303
1309474781
-1176090583
548098330
-1469499330
-1899399820
353312865
2022526413
1754984093
1981364456
-1625351298
1792823151
474732028
2126408448
1993479258
-1844077046
-1176448322
-1127523536
-1983425313
-404993736
754020614
-1891753798
-1372421471
1658177689
-1363853607
-446753354
-361856666
294270274
721719005
1309577719
-1947845334
-1844983211
-1256718975
578124781
-522662887
-916110069
1963159831
-294234256
-206952762
-816401311
-311248029
1168208770
-1625654885
-1484887276
-222741945
-757837874
-1344106677
340734982
-132537274
1498437227
-744010904
1514572979
1075913498
-1362557017
-509191766
1689953634
-451734344
-1042900486
-1142794480
2066403503
-715252255
-1761042354
1932615310
-2052160320
-1499532808
1662777189
1834197016
-556069092
-722083253
-1073025843
-1450770478
-2011314187
-1835630800
263555317
-155428388
1595190181
428259198
-604513338
-60834692
-1035752407
1440776981
1317023362
1131145916
-1997338687
-1600912287
-1136589499
-770501677
-1287588302
-341271944
1603898594
2084748735
-609402578
256026705
-1578998154
-1039606033
576019941
1459055943
986907894
-1646275038
592640212
1371414425
1881180308
-1640440034
-1813475377
1767457445
-197636482
-766112288
937828002
2135807123
549431816
251181778
2062976237
-1977509559
-1483897481
799294378
400646111
-1592099658
1487415067
-983854711
1377030538
-1560292061
-1306661121
-1967007837
-1880927380
-1407588395
864720945
656423844
1901752734
-1540447754
-2066840273
1463306573
2137729839
-304429725
578962458
-984475139
-1886854551
1217489546
-492053720
-1911526297
1764227428
903589748
1312464179
-1717306580
626476081
1844178639
1235844287
940663417
-140483375
799211386
30100472
2120962661
150174248
524311381
2129232696
195724364
536668010
-680684912
99816802
2075925915
-1763090640
435744117
1618453211
-1220658971
-335123666
-952642146
809996458
-1698345571
-1451589070
199073843
-11300715
-1367142114
708597207
-650036400
-5741109
273807183
390943340
-358140561
469043516
1094809607
2025393460
1401293846
758139830
1630032076
261139787
-1337666769
914984636
1590817031
1883363742
1113527324
-1295217979
-1194687427
-570058378
1929208413
1579638185
390396276
-1390484617
335985582
727078866
305037922
-2069085323
1162702789
1108708109
258923901
1901243903
1338681815
1332794450
1204669190
276679071
-715308763
-241331492
-1314218376
-1578332488
-519005261
1526044935
-1055122706
-1215012090
-145217789
-781597250
1075007970
1667293349
1859142559
1432585487
-1967440137
-789484781
410738790
-1513949863
444209460
736928757
-753647154
2140279344
1297835179
1815783577
2028948711
-882772362
1446979821
-290053444
-1459596525
305470346
352254289
364959339
-278829537
-492660380
287638906
2131260559
-654625736
256544281
65461720
2102460411
-1187915622
-1559937708
-1627205757
955395984
1219447658
-13518823
1746485713
1173092368
-558832944
-1059263702
-505184359
1396937787
921031163
-1305972614
1157427002
-591589623
1181026426
1417570849
724475655
-676788685
-315756793
473657590
-1875861572
641743305
-230641869
-1739866396
-1417420064
-356113470
498554651
-141600896
1817881114
-2134307799
-265308900
274663488
-1008838734
-2039725430
1306979870
-1858409262
-1796504386
-411190400
283680
-1960087368
546455005
-1860459995
-1235542703
-105690847
-1308210037
1779545633
-1509068724
-1312915139
400907154
-1514344716
-1895068713
-1069680592
217368747
1416216554
1009178986
-984895089
1099546679
-534154902
-1317629716
-1066770493
-463156029
-2095779274
2124742257
-1795190059
653282262
1992037011
-1563411748
-1770015096
1440215863
1035363317
1083600649
442410930
-854198477
451543358
-1006376434
-1675109445
-1567626919
1346122614
535065108
-1830840855
1699115572
26558635
51587008
-1471680205
-994176194
610163873
134051751
1720388170
145724578
-761171483
-2003259511
-1397080269
-38309094
-93226652
952169755
-1675512812
369003322
-337088794
1546774956
1360482651
-1567740778
-2045668540
-799855174
-1244923982
-1284935018
1161208621
840622799
54273664
1910646882
-1404935009
1378298516
2144051846
943031464
-896265864
-840960983
1638014770
1470710605
1812547796
1004644082
590891691
1515620946
-1568120839
-1449356920
1145282429
-1071040128
-160193913
1889199118
151858437
1653720849
1739767985
-1661058045
1696099809
818285409
-528128541
932971776
-1939126165
192403726
70388428
1345470806
-1229221030
-1773943510
-85181484
1636837112
-1404842277
-1226639737
846733255
1269480123
114894437
155033342
1972551458
1296028772
-985479268
-1896643326
-571075813
-1851568496
1603645618
-285353213
401653019
-3520892
-2146034175
-757292249
-382968541
-1002053599
1926885942
1661571734
1519615667
-1675630815
2117812673
139819199
1550999110
303459421
1992152482
1554753045
-1352200282
-161125793
-1423397687
-2081666321
677413795
1300189263
-367683325
1479392841
598644857
-1252561055
-624875061
503081158
-395940379
-992425560
1787774401
1134706019
-514787362
1096856038
-1615982774
1515039462
-1478554939
1264584835
-938080090
-495244888
-1046132782
-693464473
-1496869257
-68835974
292988778
1330678130
914150409
-241026882
-1329431546
548635146
498214612
1472951769
1693059176
-859836722
1373737036
-1520270876
792831441
-721859420
-919202096
431636269
239506593
-837827228
-751758745
-846372939
-1553286300
471727212
675245192
1605197492
-36540406
1385961959
504008315
1635108663
477471248
-1489973564
1739298349
-293028786
1087531115
-1967317812
1658233257
2059416534
793148415
1572242876
-377678838
644298490
1578783252
-241741826
-964690219
-794417657
-747868970
-1288253049
-2037228193
-1573066115
-1906808823
478865232
616069965
-1186806334
117839951
-1211683135
1813514860
-1213387543
1514319602
446353704
1868486474
-161572799
-603275170
-1662335309
566458073
423596526
-269373440
1562057904
1622492938
-1888340996
984980789
771589301
-1510088884
1482684935
180856954
-1373788342
522365920
-1869538820
-1331375051
821760848
-1827625207
-1910338505
649024361
-539678976
-899151329
-1048587434
1392188901
730014084
779493874
1150637512
-1483400373
-83131809
-2092487548
-1449546518
259646059
-1848323237
-544985274
-556164832
149574037
1390528612
1593169915
-1682475705
-1863552540
-1659476689
-1275540802
-1723715418
-962468621
461551581
-839685765
1001527460
-2085191476
1572167569
480333315
1750071856
1801366133
1806483542
-1026458505
1172223655
-1693199870
-85732862
-7421547
1283245046
1630100491
-694401837
-1629321108
1369961103
-971014130
-185126714
226187382
1666834381
-1623626650
658436116
254481340
-35413079
-1179110917
1053717059
2022803891
-1122188234
992615373
-210202223
844798789
1966962401
-1445373410
2130905451
842676261
-1606341684
-564097023
-1390129689
-478791797
91683481
-751038580
-1309507082
1050498135
313200687
1286214250
472177767
1779454415
1627036769
391198070
-1309800176
785857677
1239473029
1317648128
-192140988
892608732
-469171769
1134319264
-1090326732
-99430431
794136448
1304761921
-1626809065
1382736392
71572461
-281827826
1553030294
1513238584
-74963333
-1667746809
-1682650462
-421582113
2090634268
-915475032
13349017
-882625993
-115258712
167148729
-1626724105
1938031640
-88944010
-1278601369
-1979595123
1919896864
951305323
1421901527
-564799442
-1578980649
-410068202
1351995474
690038081
-445324383
2003485602
1060181837
-1497841535
-1975924297
1690617173
-1896366320
-569206589
367149915
-188357522
-1351295831
1008171675
977174729
1993037257
68081662
-286199755
-1091405485
-413650351
-1744994732
-804469996
1601307264
-1998197515
-66028037
512721078
524605554
-738350618
1477680804
2023806704
-928294878
-2057646220
-282942428
-967007061
-298051999
-942381408
-410025383
1370557988
1568996089
509986260
-483480640
-1207436396
1488417527
696214679
-1930356604
-941796160
-1132485712
-561323588
1182095248
1508458401
1096693189
-539597783
-1883598441
-345279538
-218924788
-1704500597
-216241944
-1775132888
-1670068429
-1865592999
-1728290267
-1671827771
-476827702
1902555486
665748185
-240280496
1183465583
-338386039
-1778407766
562563739
892452804
-407157751
-1750653416
-148935340
674871232
-1492388778
-2027317415
-1743479351
-1019152669
318060123
2017575335
-779269246
-1223178028
-1897258531
250341440
1126848860
-1196403948
-300240929
2081250421
-1534695517
428268787
-1580117325
1010679303
-2091219210
-1737188241
-1068314831
-94488448
-1993162312
-619411655
1391203702
258780809
293416790
824185393
374207263
15523742
822001890
14520630
878125524
805140950
1000144695
1937195706
-1440837058
766834207
1163031410
-156660337
-1857681364
1961209630
-209491200
-1065380466
38012183
442945666
-852177173
908099126
-214670989
525527548
1997020873
-1691156349
-80010088
-1972523930
-220371637
-1219321157
-1868318082
-1703672268
496995
-1787780567
1740881263
2026543128
-2110563077
-177380446
-1907108592
682986255
1414706969
1943509168
1993760325
1584963282
1484834816
372539844
-1703972879
345406359
-767129641
1253594852
-604403414
1740986611
-823280507
1022099179
-1199326400
-2013551427
-1391025544
1314233068
573935471
-1585775835
-1059551275
230899256
-1987173275
667845080
-1525548556
-350389161
-406631155
-313927671
-1376256790
-332060872
-2101415492
1928425251
-1573619967
867942137
-694739855
-2055764354
37754428
805572451
726377864
-1945101779
798976954
978473911
504615970
-300998125
2134546051
-1669785188
216270020
-1218017779
1026570956
875057202
1047116957
1554333946
1934367208
-245823901
159773725
-1878535632
361099635
1875444981
249950551
125213715
-1511396095
1415920397
-2072030143
2528726
1011111102
917803539
-564735890
8588097
-1513658729
-1717278571
-1484149200
265905637
1125751237
54118069
-1330876210
-1728659906
1623339500
-810866613
2143909173
6670379
129061683
-1461358466
1746716925
1519211455
1415251362
1814731382
854468198
-506981319
-176357138
-859669043
1586428575
1943007971
-1393269388
-1649452443
959456108
1537689149
-1040586660
243963875
662137385
2018275953
-214110035
1672146490
369863577
1895323283
-524429020
-428497050
856728273
-854875636
1471382687
-2087025993
1251258540
1926288100
951124801
-309590505
-1655707929
-873246506
-2075102507
-124598621
1685435322
604136210
567656066
-1156380184
-1122720515
-1088016787
568582371
893343143
-1141035213
1268749008
1684536699
-38421103
-68892242
-215443420
549719863
-270395506
-1690846758
1528495487
-2030706113
863565154
829505720
888796935
-929453188
-1009911470
1543879634
102228016
1365879775
586034368
915040967
945894402
-1710341327
1134253523
1069279283
1829261820
1943988517
291556246
1870973223
1693685702
919315752
1717907714
1454401622
-838293900
-1230489452
-1151187009
-145753845
-1750363300
-126344947
-1910099769
-1255544838
689654376
-1402671048
-534202699
-406911548
-1764558198
202688785
1105490527
533834888
943908646
83396397
-706997245
-1714730291
-1838523966
-772542876
-2089934567
-33175446
-186677153
-1884800359
1876739267
1498016799
-1591824174
-1312756831
1739267127
545682325
1392612264
-1816313534
-1971902676
391796646
643772894
1482076990
395914235
-90981238
1536912767
1104618877
-750753173
-84712117
-327588677
-1838660930
-974174726
295522425
-1894616987
-1267464124
1589404806
-1961451253
-1576208865
863115282
946690970
-1421406201
1106076059
191669673
-2044806232
511540245
-227665096
-1904389266
-281366104
-1723515396
-1219842715
494253694
774338330
-1064402346
-750334553
-1856243451
311315074
1863417007
-1139637060
551347533
-1941961822
939259919
1146192857
1549892261
191775534
2080251312
1758562138
1289015062
-762376074
923167034
1889514627
-424630424
1699437505
-2054350481
1437755838
-418706008
330509165
-863146877
-1853718217
1886955567
1058498911
-1396456083
-957717446
-1952564442
581806569
-456066485
-1365472176
425710417
843410677
934465817
-1142415385
1145443414
2131885827
-363842999
-1489827009
-594961917
796269498
1734153267
-1501949273
-196603678
1290300167
2070004184
229880225
922222012
1130063576
1255874581
1220851846
-730124382
1630726968
-362824185
-798048291
763481479
-967258612
1955109785
-319509382
-1836574493
-1735818773
907995375
1123044615
1423432246
1017818759
1220208213
81338867
1681173853
-467986541
1777584568
1862063521
1886981577
-1185044161
1055760350
-7184231
-104820787
-2130499565
332960643
-928148297
-1037372791
-467195010
147341557
-529568084
1310737898
167834221
1846858362
-1682265254
-1051426747
-657421669
-156329234
-214147752
-162407586
1982175693
1834704330
340705502
-179461182
683846720
-1291610657
1031585446
1158439436
-1514673168
360521574
1055486041
282915797
1585924863
-166510584
1379905403
146671117
30824785
-1023843412
1406024195
-2100370609
668039130
61926795
-933641822
1672789965
209032066
1077927678
-534554877
1354955606
1119595012
153029688
690731022
-1846813795
1270094582
1638006365
-4602713
-833258732
-809280930
639128433
1444604118
-1119088917
-250762561
1499128370
-1661811561
1185047329
676911595
-154945907
-1566237306
-767345243
1068292666
-1142888617
2039556520
-1771856484
-1378754872
-790182583
-363595234
-1178524309
810368327
313874065
-1267139667
577263217
534444766
470290294
1876436260
376652515
-282583719
1367054208
-1022011281
163772749
913162200
2084104227
2051992321
811989534
-1517157973
813682271
-1221859918
929598723
-1540556097
-827188605
55297779
596180933
905868989
1349525846
1847521815
80167486
-2080894964
-1387517435
594817760
670894651
1797915710
86729755
-543009507
-199170679
-1807758617
2081196004
1077750588
-1817360353
577813888
1620904709
350895565
2057264695
-1120083301
-1535641926
-1374115470
-2089520213
2044074282
-1926702860
-81239001
1626537234
-1317464960
-113446574
1918027142
2122645840
918822877
1662814599
724552101
-630611437
-950690030
-1703585825
-1666924649
441802641
888163319
557935354
954902263
-663954449
-435503902
1365375375
-924821425
2042358620
1933090941
1861821102
-1321122931
-618030830
-1362553816
-391620324
363893282
331345065
-1239288744
-129158614
-1215189790
391871222
-2125853189
244756372
917646235
1982309939
-526436314
-996632723
-1999156536
1797665450
-120582249
2016998819
-83429681
-293925149
-1438773580
-1725482736
910784151
-279252017
-1944480863
753421940
-1164503567
-990890084
-1332228851
1280975047
1995148144
1899781727
-1639443684
-1058831823
1021061680
360343197
-711071025
1810627173
-235324521
-1147446761
-2077375654
-1681058998
-1104072869
-461883466
-1953476251
-603101922
-1870535335
1891025829
2009106326
-143235904
-1951596381
-21452409
1057705027
1752539382
-2000453845
1313905688
1480909945
-224857260
-1467197156
-425204716
188371765
612314501
922180
1398774766
910007508
-1442102797
56394453
-2006862676
-2080149875
1670886926
-1876482958
751498327
-1301346572
-269130324
2061802272
1118287567
1918484085
-72157158
1396114055
1339534578
-380304370
-1748430013
392545458
1076204038
-1758104264
-2108363288
-1795270142
428905680
1850348615
-1399430148
488656254
657576512
-254338533
-268118929
-814760683
-820316687
-1148551306
-1092173013
-349983229
1873766182
-541783037
642431428
2036600325
-1042646416
-1703908880
1794368112
216212838
-1958745845
-523067733
-373489215
1006667395
-1926715077
-1483077128
-2125527263
-8037973
-2034942597
767203970
-2136119368
503291293
1170894511
-1856507123
-514638313
862745125
248294048
-1559706282
-172770983
1897665017
1167376497
-2043390434
-422814985
-13649038
810235132
2094739679
135423577
820480105
878773997
-1665007957
2079335743
490502185
-385729546
-1395562351
-1012079033
1707779634
-1976496663
205493400
917611256
-476353070
248996844
787094336
1032789666
1929749204
1666439019
978817367
-144040101
-153554870
1193623998
-1155710864
1144665225
1753749365
263062273
238677066
785333185
-227616546
1295030258
2009330133
-769727238
-2061363357
1783122431
-119652764
-1466596533
81854441
-528242140
1405852828
2101107319
1780969004
-1631896654
428217774
-556377980
619617922
186861934
1401324688
-1924975201
-988311338
1182841348
-1369271857
-255388141
1193191996
-1786990699
-1072868083
-1110117745
1963299436
-1253372015
-1356760370
-1518488011
-1181780170
-1518476966
-410738619
-1905067294
412183422
1754110786
785532497
249654219
-1766051454
1229081105
-1671921127
1403254551
-187834354
1393562114
-151294364
-103104776
2023397499
-383256197
-1783060671
745410196
1494053941
1784302315
-583767572
-1768677495
-1573933613
-369322740
-1413340323
-1225497704
51228893
-781349964
1011140157
-673377354
1112755868
135537113
152814761
-991337999
1877821287
-1977493542
-870557219
1992939289
-158941747
151286893
1567761917
-1227516884
-1354892116
-2011043164
652337509
2072316859
-288941633
-891735218
-963129664
-1274413720
-1782602646
-1150674891
-364414283
1951330711
-1243798110
471661280
-28559895
1202304142
33220348
1145217861
471306295
1827510116
368274521
-420660513
-654511900
-273521563
839403563
-2037202020
-218901004
-1464559047
2052488494
1597492456
1790629536
-1285647264
-2106899408
1437293636
270833301
767761503
356932287
751958063
-95235051
-2145437178
-1418660827
205402958
-1258821615
-1671762625
-1136972039
-538958003
-847522271
-2119868229
-1525122772
1896905202
1232615313
619540925
291941236
-1173870874
1502809878
743761504
1360624205
1836461592
822107377
-29063683
-1624276264
1519593836
291492867
637549295
1562759838
-323488775
345588193
1636241136
-1109229776
-824399564
645113757
570609820
1709943449
2047071648
-1030893402
666140453
1251195182
29164044
-392329146
1864943473
-2062064806
-1415964040
-1439942378
1611890550
-1387362165
-1100112712
-1492390550
1790284664
940747762
-402152193
-1755444943
-753651191
745053424
-1858748298
462832823
-1261892349
478990436
792110002
1572042001
81082158
-1264556001
-731524102
-957896682
-2010909408
1966189408
-927993616
-252776743
-1176430649
783158740
1494046221
70037023
405794512
-1067831404
146666676
-677746167
-1359195516
2064970789
445457612
-2082106229
694337415
1251730353
-1065375654
986989792
201524100
-1011060623
-472628736
1132431245
-1858604755
-772649801
-1928305545
2041300309
1251076496
-33698311
476272698
-1856955898
-1461295546
1216876172
-1220539558
-1809917134
632872609
444287766
-441322308
61868455
1476806342
-909872957
1951834476
-124175997
810753421
-826332786
1183724338
391859805
614588325
82379981
591435886
683239986
-874313379
-626272736
2015280691
-117204175
1369823762
-1136916978
869393371
795079187
753984854
2126206361
-1461262255
152131172
1955322737
1355501422
-1199174306
-1106931216
1625434906
1181881020
-196688151
514455558
575999701
-411343319
-1531316794
-1847831698
-1764035064
987966675
-364232396
257231109
1432146760
-1920767557
-863192787
917831553
-1523367290
-837130194
766364123
441646511
320168009
-2098819628
-1764890384
-728289346
174198296
413140287
-1626917545
769618839
-1081632131
1082893428
-769769090
-2023833725
2086462665
-1325025845
-1387131811
47462703
1149882455
-1584127957
204568326
-1228156592
1933344547
-1966536051
-1821855831
-1422989297
-1380930551
-596381653
-1492112865
1588646417
-1510313427
665472660
273679492
491412574
-494211893
-605246529
1913474587
1264962273
-1255644755
2044160649
702152457
-814115052
233414477
-147320503
1720919911
-1991883203
1335872045
-1762222764
1134790415
1707245578
-1698294245
1974789945
704939690
407257450
250120963
1321885321
862431604
1244294338
-796217346
2022555777
-1200201442
430944115
1379711963
1661494326
-29827187
-294062285
1689690071
1176735320
1875009233
-71336759
744519999
1769411253
-443014603
1675825889
-540870468
2092985882
-1244597852
1533104813
1531211551
-1365515996
-1059095891
1706537063
-1020950318
700454433
-1831848829
80472304
-1965343105
524865688
997436396
433781013
-686130438
-1734922966
577740457
-1038860571
-2072716878
1503752531
-998338394
-748695669
-999386484
-1532440646
1048767907
-790406367
-1873752567
-1427734749
2060477847
81493841
-664213319
-1951820225
-691508353
-1296621461
147049980
1626343979
1000545016
1728991859
1613552201
-1789858708
640079805
729205360
-396316419
496817043
1915700626
1338835980
-16311242
112801585
-1924016818
1921547627
745911524
-1257537719
645388347
-1330995196
-1931631067
1563765072
1248968213
866094942
-1005821013
-1623540339
-986634060
-56781611
257271917
-1717732507
1338139462
-460456544
285229375
-356475537
-2066622895
2063977053
-219871208
1427937408
592745514
-2079889038
-1278966489
-404974658
-1400265872
676784968
1650660445
1342871737
-1633597411
-1232155702
730288493
1715955114
-770114896
-1715880757
-1473445063
-1068254394
804082869
-1692761174
512564987
1871484393
2060705183
1484447418
1597138356
-1576944601
2081157260
1853840034
-989333477
2142150743
1916663668
-267089566
1056868123
-1208116936
-1712651287
2004775669
-1574237154
-1835336632
604027212
-1700213337
1489571658
-1672873827
356512592
1943085691
-577230154
2070778701
-1484642570
-1150440408
-413438485
1803489753
865744906
-86639710
-1985292268
1520354710
28222452
-1435299682
-261772851
424122071
1431970322
1136480348
-880096954
539449177
1988345030
834191859
-1420294553
539630878
-863275364
-2085649042
-1977508063
-1237205635
1395901474
-1729147174
-1888595115
-727807486
-1502429018
270717810
1389494749
-504909237
-1975802560
1992120533
571401957
-237611402
361139793
-1754260293
1400075050
-22491488
102353325
1039677756
2016567430
795128672
-287387855
292740694
2009414331
-983524660
-1957781562
1293484658
-2142738669
527000463
47568340
-1462803334
1993950051
893810719
-1275433022
1119009844
475716411
1545913813
902754542
682709075
1579927951
-33643274
226239260
136267787
-156317492
1596823395
1658561109
-547348872
1547670013
541151929
-1941462665
-994420674
-346741512
-1019648430
-1272221277
-1524353951
-1731883277
90788522
-1799929945
452591932
644973994
2043793023
1376783292
-1840339362
-1510126803
-1712626494
-1063350271
-89633208
1268304329
-696130578
1386730669
1604685980
-365996341
-250844996
-1425656408
-530547922
-1811189195
-1008655724
-343804453
-1953991646
2086735768
-537662737
615528954
1622369845
-553755038
-811506305
-1871284319
-348323933
-707184779
1166570039
-1032920231
1828582370
-832371680
1122751517
167907283
996009672
1191327631
-654879306
-1845782813
1507600381
-1583700731
-461417834
1950999227
-1403938100
-605257047
-1069890777
442767899
177539704
231794573
1224413645
1762629013
387412984
2049932019
-1758250331
-1351064852
-710712934
-560546954
-881979285
363748659
-1091589338
1328433272
1651995894
1537634172
-1363682139
-1455614586
-1242042800
470970657
-12954089
1455595386
624749986
-117686926
-601663838
-2036414343
2010077458
-753815998
-897820619
-698452131
849691604
2008088304
703563208
1936341422
929999090
-1927411057
-688313464
1525516498
-2029283766
676634023
986231147
-715842645
-1826816613
-710275099
-949200006
-642973059
-1504772866
627267545
-210495520
1811624534
1009601538
-235808981
1950843077
1369776839
-1673748111
-1105827733
-401260188
-1281748075
-1876763541
-1139816365
766788013
1253517971
1314781765
-1297682371
603803901
-600383591
-331903677
1431012128
-2074299873
-117865980
257250677
785636713
-1509642654
-1910372051
1216210657
1986035306
1644113343
528382508
956418269
1624094540
-83760388
175202108
-1490036949
569872378
-1121793628
-760250180
1968996917
-966768662
838803532
1099853349
2000374064
-1269111369
-2119133289
1896208006
1000564638
-2114843932
-447839091
361613469
-1903550626
1663709814
-1318808273
-2125140779
1327434612
449602997
-1768320186
693841405
-821426923
-334690195
-1910310744
1891897168
2111749313
-19232048
-390609239
1504474466
-332829039
-1079451953
-731028691
254776491
220574482
-1483651794
-2027147971
-123461943
1352009430
1479076325
1743078820
-1609968770
-1325160032
-1832386960
871343317
467631900
-676730933
-616841802
760895276
-2125618373
1943216932
1812437936
-175431208
-1281105307
702111959
2018900651
-1275637901
295632729
131487675
591553597
1765781060
238455382
2090721974
1408680604
329695369
-546805783
1427545792
-601596027
811130406
69036419
-1369318532
1938606056
1030297335
-1592049785
-262742366
2042859710
-333057829
-1899928784
-1133919758
-1556202187
545288674
835516773
-312208856
1852350220
505549130
1193097579
-765947907
1006253617
-2117903361
-436046455
-1318881623
1206030510
201222136
-94340181
208404994
1384267572
701809716
-973385724
-1979141689
1847603475
-1777836609
-1211520293
-1714483529
-1307446696
891276251
-63771454
2057531341
-240585477
-753785568
-404291624
1497162466
1106382773
688145121
-1466633353
246977125
1266948206
526006870
977665833
627574538
-2598032
-1460931784
786223317
503633408
554988563
-416467498
803200533
-928800678
-89115872
1318362886
-1797151843
-555266941
-1013201502
-1681857977
381786184
2118001203
-226102955
-1263320836
377865889
-1536110982
1581994507
173072756
-1839911087
-793550633
2003494031
908135892
1870740366
1218549000
-1919022204
2115927346
-2020191781
-94688334
-1930592418
2041088923
-1597385638
-1778423563
-66874978
-1838865162
813349448
-1506124324
648458102
1570433652
152143685
1623192794
814503016
-305947575
547073566
-1826592184
-116982275
1929898255
233663618
-1103823397
-886261155
1455288548
-1810300654
350310021
903739346
-843240130
-1801723014
1490048945
1741792479
103129145
545366974
1174008682
-2087437687
1468498962
1207328951
652268984
24309195
1125807611
-1288032779
-1209087432
1896834987
1359230167
-1348656270
-703082127
1335798472
1028100623
1920272968
606812508
-160528609
-164240111
312052448
-1869433338
577725757
867749991
1251779248
-46721962
2107580705
1748372931
303707524
821289605
-778461547
946670850
2003097887
-999750315
-1958925309
-804561438
-1354758541
869382802
-1802202892
886836712
66783001
-782583459
-548421561
-1251865720
5209836
1067099581
611536715
-1697779086
1416137140
-164410243
-1218433829
-1572027185
1867881113
-1015518942
199794737
-1513978802
-970093148
1086121688
799036446
-63763876
335924136
-413000239
835384569
-1391153388
-1330035013
265373501
-1174795447
59521947
-2042553395
-1090442105
-1937271501
651300689
71619312
1628472895
72697375
-78879747
-1193484031
-801495415
36539680
661394173
-947845768
2044698893
1948972433
2084673687
1631295529
-1563778519
1192872824
1408003243
1644837841
-301707883
872489791
-123242100
2060070512
1498954604
1095405396
-1728187052
771894185
1556543934
127400212
136858760
17924054
-1584391004
-822635953
87433034
-1853583197
1572424746
896992107
641912280
-696337370
295741260
1617552854
125270585
1888175201
741337547
297797531
183908463
337793927
862346418
886043145
268468238
-1045118256
354593104
1712285552
-2094344945
-1081611398
-421354667
147231301
1780009938
282526326
-1010610865
2119277756
-1188828679
-306278274
-1371576713
-1066260930
-1886335768
685126464
1918786537
-1669387932
929266970
773063816
535221398
2016440192
-1054633979
-1566586091
-182166554
508812463
1375144744
-970983368
298940388
794723346
-2071993207
-1192796553
-636162693
-1696618374
-619522386
161055153
-1477130670
82862487
-1694315440
1463409137
-278777287
2142536496
-815585226
1868624954
-634241095
1368595182
-1074635446
-1973541153
320835957
-373940266
1468221586
101397367
-1782149516
836110379
-344171881
-1391972979
-2025800596
2117687930
909339143
428855399
1477287587
1688028033
-1541362868
-214100277
395169543
1501843856
1069718699
1033482458
-243943810
308465230
-1830742333
-1147580294
1486093831
-1856707588
-553877966
-868973910
343144168
-526401142
-1851256224
-25812933
1153460116
758748152
-1941426990
2080530018
-1554504138
-1482708223
-941200224
-433534945
-1204769558
550329036
-864290331
-399170458
1730542821
579171699
-1080802919
-1330687750
-549547771
442048361
-2103442754
-1691994203
432783738
1227112006
-911664550
-277453932
1971095340
-58585832
1809612755
-344344919
1631375150
309079620
-2037969057
1485277266
1900023506
1931914321
538782205
806621224
-657579940
742749015
-500339421
-1384099523
5735774
988960368
1859024889
369356552
902968714
316305219
-946361877
-1125951318
2100317428
-1865594145
-750564791
-971015044
-1104683234
-991585794
255014806
1073152918
-1373851859
-1652501510
-278997589
-2072835822
1081866005
-938401524
317032998
-1150449834
555424643
1620829144
-1210409606
-444982571
-245843059
-212298877
837419872
1444252785
-2090370401
-119123166
-528739059
1033311842
1664866417
-526059632
1792649464
-1020724125
-1106291587
1720295798
-1444820141
-1639929096
-816033343
-575267901
-2103479934
1381081615
-935877592
-1727339432
1342006686
-95083965
544611389
-1540221706
-1397597904
1924486263
-777962773
643475534
668307604
687466585
121004721
1016796270
1877056107
-1976025986
-413494687
1729524116
1868416723
449030340
272678808
279963830
-622810389
-200080072
305846808
-1997315218
1827076811
172438643
-266131860
-582578110
448307595
521011822
-2007748188
1149822264
345024038
-1224121122
119715152
196978291
-339713736
-1452011570
468848768
140042821
-555685936
1662204552
-1660358386
-572919165
-1882046834
1340363768
-948699694
1895748723
-1074273528
543944792
-553576231
1415019284
-714446225
2123969937
-347989556
204229078
-1656635159
-1730891602
683703079
-51926139
-512516082
-726258295
-1809407697
-397380047
1330671892
-1117602701
-1731366295
1693266176
-1173755910
-935107596
1436837800
-1867909697
-1719207063
-1114332969
-557461993
-1888166970
-583353061
-855379135
810235444
-1162864949
-576462511
-4006644
-1568066480
736597510
875870533
392700731
-712644503
-1789829442
-1435279472
772039245
-606644497
1788865445
-1286941848
1397700160
64252122
356440397
1822034257
-110053323
1381717632
1923278470
-283286103
1798659740
-2084075001
-861360579
-1969899055
-110074890
-299217381
-534307915
-136260704
180906187
-1120442994
672751777
207775358
171736910
-1402840635
2040041465
-1754085816
506237981
-219157325
1064788456
829720690
-296706043
37836930
-1950765553
-1407330922
1522934597
219155472
-228104565
-1852060937
-1932954524
1870142534
1962585765
-1836029511
-1821236289
-2014586531
486971768
-85322025
1194748165
-320770025
690121783
-486919547
-1658642044
755183188
-816062338
1342870774
-524738143
-2010148339
1669887158
364655289
-794602582
1402332950
-1581590514
1064436106
-146285132
851545094
1492523660
380579241
1306954004
431712866
-1084081726
-406278392
-1680338562
-1927737992
-625460449
1413440275
576030292
1542484402
2024324110
-1436420301
934480296
1662149182
1003731104
1495387930
-915360704
-111444551
-455136564
-1668326700
-556701464
-1542184952
-1322084095
409349013
-17355058
858872333
-119973198
776940642
-1710678721
-1176672714
-512929662
-1109712631
1826254299
-423154772
-702962569
2000245821
195002196
1317924116
17178378
-1381703162
-1458508363
1515395594
1196579460
-889790995
579426586
1107076715
-1371796865
254077723
326660234
-728661277
1450249511
776399093
690884182
-1581676218
-1482996842
-1877895946
641189747
-2052683284
-1653099440
-575790953
-28182810
-837150279
1783575418
-950731151
521399294
261291011
-300327098
-1905793799
-1553872077
-1916684213
-284516951
926410198
-633441578
2086021199
399419066
-30074287
-1341507236
-375927486
-303105522
1785578442
1880580466
-970580531
2075182030
381363251
-209802902
-923753712
880427317
1823027832
-1382304828
1853150764
1481980967
1638448074
1752159755
1053340253
601665383
15147043
-455630586
779654671
-574714289
-462738809
44023115
-1193880915
-1147665525
944088681
-1093055956
2054196954
-731623284
-2083351990
-52844648
-96086692
-577191851
-1209415145
-1719283676
-1103743476
-1430868436
-55657354
2131457925
1314165934
500650069
-1597281835
-1787653626
586154648
-710062357
-384958395
-562966563
687863228
-1129560712
573201270
-1213009179
-1240671971
-1661924049
-1995082990
1837382139
2019901801
1260707103
-1832883063
923318633
-1850753397
-263481649
-1030448531
-1569697291
-1966109504
-394456731
-1174580365
129556373
2141514764
1732787756
-1619535484
2074756784
1166211045
-286336457
915017734
-908205776
1425762479
-1416029336
1078388819
-570405149
1918279845
-743870413
1763762913
-722959168
-2046792912
-882280577
1789048103
1637542619
875046231
-1334578207
1274192608
160484546
-2076541121
-575781054
1743613156
-1041390297
-476874896
485992145
481286946
-959139388
-237047309
-456783495
-951857942
1819430204
529907281
-1043319318
1672609014
553433942
-425937220
-1228762272
1407541202
1411613447
-247021343
308728125
180538142
-144309092
876407254
-1980878398
-756821042
1327596693
-1408999158
-624706828
-1462838806
-1756685826
-1499210911
-607176501
-1835658422
2070314881
14463695
1527068404
1961358274
-578694050
646124206
-513918573
-666568344
2095337919
-1431786379
-1421301693
-1091121881
-225279635
2138750852
-384675992
2144736050
269934415
81374531
-1981135418
-1154293692
-2140063739
1385338459
307055652
-1284629547
1457827107
1980946206
-585084795
-1002504144
1725064016
690869069
-1360121353
-1698350965
-2075709624
815275710
-1587028718
-871666711
-885248729
-1429727464
-205653884
151377934
1458810973
-1021472864
-565758752
1837320420
1745064573
1734595776
1297286913
763570432
-1922588536
-771002474
1709836612
648737506
2069709368
-1977352651
1131107052
273668657
-1552135822
1619784205
-608069092
-1761197637
681365865
-316252577
-1914763714
-957378671
692007806
172740953
-1768374609
285297989
-1401730772
-1816041486
1599749319
872960141
-1475866983
-872969490
750881597
2049936341
-1592151736
-1401970796
-1054543470
188671200
916385601
-584982395
-881917349
-1712279627
557920123
55405950
291525919
1193825626
85732020
-509109745
1868559206
2058668618
-1016752984
1702603719
961037774
-1180955112
876850394
2070576170
-2122831477
1955972572
836629213
-2043632325
1398511407
1670978856
1078569191
-665412431
-302134689
1754588760
1404101106
1342632040
-1718760427
-375573125
-350814167
-813180748
-998626987
-145687819
-1964841025
-676709308
607161192
2134546333
834224613
564894242
1016224757
288351652
-733272051
-1027845783
-1465910374
-630709707
1308269113
1015781804
-1694208104
-1819288889
-1135247334
-1611339792
146107021
-1953398189
-1359829260
-1837456558
1651405593
7541825
1324051604
-1365360357
-2029000254
106246529
1823897201
1023931502
1823774490
1110123325
1360366254
692338940
-288401803
2055410691
1851585897
-1563593921
-1741802143
1263891076
-1012323915
609540191
354469744
287690200
1134492643
-318597874
-545940290
1035737613
1723144580
1473706321
-3131558
310154419
-851219636
1784507942
2101121661
938747478
-792488854
722455187
1738897991
-907408418
107997235
788476586
-2122226003
-764943619
-1427563358
-1204465180
-617898102
609667060
-107071166
83841788
693654396
-1811861032
-139526340
-1592205537
-1643647547
-1567460378
-1815653628
-1147720923
-1591063304
1055969024
1437016479
-285619575
-269138889
-1261878329
-1948949474
-1299477745
91220113
-336033167
-1409946162
1218085292
225994416
2136802913
984742468
-1498053769
-1007935648
1336688015
670343434
-1010460464
-436371348
1539233338
1471910411
-333341579
-477194613
1456862563
-107985597
-1813829149
2029424789
954508911
162221863
711659994
421953612
-1923863935
-752983150
-1489725746
-1744438308
-1097118620
-1735838318
64010496
-296794640
-1321180040
-347003585
65893744
-2014513550
1272587231
96313194
-379891404
-1551282220
2092532638
1031509316
948476879
-65149102
-1611283848
664595985
-875120627
-1603521268
510085626
-1461032182
265752803
-1022105244
401060522
1019845782
1091568458
1561512143
-1890689025
906033695
534079143
1634349652
1512202171
-826015065
729108702
-2145575746
-1694257702
-1840978219
-488094244
-660724150
1509289829
-1811674279
-1459883109
1324896097
-900037201
776136176
-272308408
-1002324956
240012971
1917073844
1453606934
1948534187
2029161975
792656371
-1847363541
807381600
148637215
318292888
567352854
1676535334
-900610224
-999274499
719035817
1969420370
1852551436
412999451
499899649
506787352
-700299534
-1187028127
1080545949
-370545847
709222188
-2064605694
1605129304
-1858672936
-943045699
1434603555
-271002698
-334336359
-1103663931
-679107927
-495500270
-1121299527
-586335704
-1479913188
1526098720
-705937549
-385043483
-650766373
15210790
-313189850
1851246787
-1220434809
1185874107
-2115493590
-423965747
-1578102174
261612457
-1643520860
-181121126
740333295
1637166343
295754698
1572136447
312974127
-2085262906
-2081618351
-708631020
-581164325
1718433583
-637252740
-111270313
1532568654
1711634355
-1845761030
-1511699809
-1382977694
-2049901726
-1393272859
442874979
-944656503
1643279262
-173974649
-1303547932
1497577712
1651937704
-346887510
1751709754
-1414578744
-517053528
236642106
-1776436338
-2046533167
1682227142
558494478
-550363163
1461479255
1954817368
1281770341
-1194184637
-1132351808
1297118396
794971041
386041417
-169505839
1667729346
-1432054730
-1182999886
82207701
-805694747
2118984707
558695136
2062580572
425171012
-1769280828
-828480645
1222306073
-1022470453
1775289234
-1366061635
966292559
-2138380569
253560875
-1494968637
1263275355
-843884647
748314949
-2054823039
35749602
-1465204017
1347362171
-184565967
-1258653745
2049443367
1560549565
-391926930
263668601
2831755
-1152248255
-1470210263
-1524913003
-932304208
-2129216412
1259737743
-730873687
-1753931413
-1078415029
1074121454
1691298033
1507673643
-1671621294
-1612876969
-1543157927
1535855151
-222228565
-984442029
250620645
545143698
-1553124946
1509639312
547422555
-62967970
-1934354755
755140926
-1605056959
-699306324
-579661402
964861914
2081318453
-438521697
1788069030
-775017194
48821790
-1951321331
898344880
-1222705762
1284852824
46461666
638159013
2083085379
402671410
-759046877
1112396005
1663720452
11342539
2014299237
2059331943
-441627825
277180420
-478463959
533630917
-69318790
299262585
-1367870586
-829864373
185627004
1274229633
-568732663
284070683
2101742644
-2141796401
90868031
1406655465
-1429079747
-983832616
-342243260
-607127264
672058406
498872694
-548481280
1258815327
691913883
1683214321
1216547589
-2116986229
1367717959
1189537612
-282008798
-562062325
-1072414083
-76782184
317851995
-3194980
388599972
708257609
-721004855
1526275696
-458287847
-1885112839
1641256525
-1810348242
777115003
-1321922359
-452308439
1524755035
-1335162382
1502530540
-1677235546
44183846
-1810192975
-629972032
-2118241966
648229068
-971115045
450556585
366458653
-1546042357
1904469456
-1991621645
1113268990
-238956167
90194412
-1631312874
-501562817
-817973024
-1735576711
-762254404
-1905595082
779305500
1113853269
-1168704771
1395209891
201511908
60498752
1371645064
-793424334
-1438420841
752993554
1658887374
-1814165399
1009545435
23839671
1061638824
1522327839
926219184
-694896512
