2169
-1504319139
962813875
765877325
133560471
1283972031
785044572
1491603475
965502354
-55561156
716730446
-147351516
-429566670
-1363565876
-1428008433
-27314363
947146540
-1197839253
-608440643
443513401
-322078132
131563405
1230242521
922488745
1533561391
260199006
546351123
-1474049528
137049068
1064467853
1768231227
16384975
1828366591
-769440346
1396119086
1968287926
-286918689
-651674580
-1465221819
-1323252387
607618945
1547412684
1065784488
1069047215
746476279
1458396650
-1684329595
-2090762676
-782670606
-1505053132
-736275309
-1773260575
1912932574
-2017747977
345309032
-1294682490
1922539138
972570884
-432457860
-2036759783
-747010125
-2113009783
-585244754
-827342611
-548255521
1282487909
-1751329605
-335059359
-715892937
2076306294
-2147350667
-1752337546
1438219751
1882560918
38236332
-57233378
1434710295
-814658709
244960197
1052158883
1216151489
1654044705
273886748
1571787673
1805557479
710668431
-393290754
-1958368230
1214423516
1519964388
575594243
1385358782
-104749970
-854008740
-1094408497
152172415
-1005333814
-2101106196
1507669578
1063698518
-858458996
2033122569
-2101016524
-67266454
-1883416952
-850058025
1590079336
-1026666817
-1356277725
-78575723
-299438365
-1066547091
-423265857
1664598643
-913363199
372593552
-1859209643
1591506383
1397990929
2078004983
-754664256
321094768
1715487087
310737165
-1594862070
-196920085
-1490436136
2132817934
-802541895
-1187015856
-17669572
-1801845004
709285668
1905293337
-1305654418
682014353
1839469156
844775435
-1193664835
1819492574
646598409
471867094
-208250341
302459174
1249857449
-51447018
-735544869
-552295833
-631922833
1450727250
-924827042
-1097485892
1486570202
-45693577
-766967042
-297518208
-973617628
-497082538
1823637487
1269996188
902187185
1252513795
121230889
845655781
-1103798138
1528714992
-1750774214
963285730
-311456097
1553175730
-589220895
1627983771
1950288785
-1926230399
-437241504
930489476
-1867819348
-1756137190
-850819420
1300953271
2065030945
-878027680
590948764
145233511
-483101001
-444755139
1503890630
-1632633957
-29842403
-1402525934
150903227
467903616
1455126287
-482997248
-1699998309
-1987413074
2043696954
1674983605
-1737572979
686728573
-157689429
953540784
1498813108
365933131
-1891205744
1384642112
637112533
1406016996
-820128488
1221192280
1758671661
-112451120
2113887914
730257599
-149965327
-843980850
-1435591532
-1808102173
602956859
1956384074
1440441744
630696066
311642750
-1929672391
737722155
628543950
-2025440218
97431862
1329853
-664503543
-1721244618
-2040388739
478086161
1587875077
1822026796
-2053060090
-1908897362
1639099436
-1287602932
-622657033
-243265121
769912968
1702901213
1200220628
-1596474193
35792401
1319975913
1577346749
-547221743
-2047328784
-1671038682
-886508486
-1260873866
-258361478
263055248
1246754793
-1544067621
-1230094131
-235868687
-4343012
-1253727935
1641699582
1333102338
1810640410
-640221461
-771323092
1982158332
-1478902773
-1430181131
2017608449
-565844185
-1417865244
-174473302
1187131884
-1400414347
-198791408
-1066592482
898933549
1344766325
-183208725
-2129738158
-1315134197
-155047591
-432135349
-330626615
-121857523
-1039265269
-1235519969
636572991
-226325405
-282212348
25458187
1005647939
1297558606
1866029291
-207000180
-1217876833
-2075235434
-77214429
515055922
1484330668
-1327303566
2050934225
-746050053
1157928311
1127511100
-259384380
-1656800936
-954514404
200451609
1880012393
1208042778
-1618811096
1911873593
-166584933
-1931648533
456540147
79789300
972890316
-711462782
387441367
578265388
-734791226
685086969
-569277885
-778840840
11314081
-1559340848
1199984328
-103275628
1599618327
805670832
1253389354
-2064113756
686783098
1004137604
2136241702
781598448
-265159906
2028500357
639782849
391392213
870807535
-413493220
-1670082260
-969168205
347579488
-189504986
1667115656
1722569344
2064683462
1912004978
1241553551
-1535719184
711901303
375745471
-830478920
86281555
-1541471389
-784956051
-289210585
-1802329959
665963845
-156079800
369306960
-2035077543
804482027
-1867781357
-1696047833
974307515
1018935757
398622737
-1210622102
-1578399419
2046600464
1208073673
285029401
1890360486
1852795738
415665634
-119101755
1230678822
117037400
-15934577
745480393
590484980
-1910469545
1974765950
-554966976
-37277076
1311827146
-104242866
-1118947010
-1057628700
-106052450
-1574312358
1041580744
476524231
-1877795907
1548413561
132817024
-1283804642
1607454484
-1166836351
-1049068981
556126776
-626828733
1334467134
1428116635
-1560900910
-122942323
875497181
-1527312048
-1190127911
-1860289481
1745390890
735949078
-384395223
1137957417
-858880306
-2085902596
1026545412
-200560829
-405113297
-1288513395
-205943271
-452841210
2054592406
-1868836254
-1712631313
-2081204407
382893505
816750093
-979967668
1661541814
854349570
52947376
-1220846807
-1208742066
1935715609
1300913306
146459268
134762776
235867296
-100117235
993624754
1594119136
-61377585
-579035856
1022128662
-1025911594
-1629069190
1924834965
-913020849
1315784651
-983754780
-1506779889
-747998225
-1732888067
573600155
1779034621
519485504
1773348666
822214344
1504424983
-729460756
161973408
-643004845
-565415014
1451237269
-2013885469
1178500263
1503110894
483649327
-209454200
621150841
-1892065973
701591579
1413508698
1043158597
1262362735
1677580950
-16635047
522760770
-1548193682
1468788839
1998034940
-170925609
1602149779
-1966532543
527754674
-1033524407
-393140705
-1145977262
-900981477
101894050
581760699
-1082790256
1818731351
1484870035
-1933613453
2210580
853352184
-1574179645
-813875631
-938079064
487860504
-385676290
784001485
-2055836053
-1094701583
-1150709006
1278185068
-1673691716
-1440624208
758958260
-1828077684
-1678328290
-1417083152
476415420
2025517467
510780190
-1459664235
-1918128757
152130018
1559841736
-968654755
315214119
-1576217141
1846157302
986974007
-75510954
1659910999
-567450595
47855864
-573469504
-2018881573
833871406
834808406
-1985753448
-1439638121
1308098614
562207940
-1903971519
241402719
-519578689
357992023
1040468266
-1701814799
-1117168510
-1433882479
955204328
666251746
1599520082
-2086577050
-1900700095
1013490396
-350914488
-953336043
277101656
-456448571
1837324591
-2065269071
-369343784
1135409155
-1910528331
-1551428284
-2137936818
1862910837
1682134856
-1983487467
1116019472
-1337086991
-1699316206
482431976
-958230420
1541852582
-790279227
149560497
1944464134
463162148
1952335467
1234793605
1651159360
431368487
600915296
339956784
-388383283
543801892
1915432734
456313990
703103130
111558176
1768968877
-2096230076
-1450676180
-1796352219
-1414023510
-1158858721
-156254475
2108282623
1652285525
-123210484
-1487250019
-504398130
-1377742867
-82219166
-201791210
1858365490
905230275
-1115877050
-325718320
-1594968928
-1858618415
-1280859788
481362956
290022039
492511753
928371535
-288072897
-743555159
-154248747
986132839
1930523421
-822238452
1858620645
1341484390
-1631331311
-1099133143
136785240
1887092315
1861076796
-816178241
-1560745594
-998641652
-1249100847
-1252979198
-407916924
838263742
-1376327239
-952616585
641172323
1255227438
-1250570131
1831860362
79813037
982047369
-921206075
1060922791
-2129994288
-186646603
1454040809
-134933931
512311078
744349118
277506392
-60981861
-582421190
1530150565
430289897
-1830085512
-1229618072
1090515637
1904969156
1470693107
-1427921963
1692002447
-1808413781
-99378792
1909374729
-351245252
-540890529
-1246718874
-1577564230
318097582
-1337048997
185925156
-370358987
1934394212
708877782
-1361602258
1773859395
2009531888
2027584899
628278375
-234293928
54877054
-1748860309
-1882099068
-375181162
180474176
34362841
498635659
36123530
-953007406
-149177383
280384766
-922021066
527125522
679841917
775091730
64560485
353239430
1189277598
-428512071
176525235
1604443264
343904993
125487811
-557512453
19334173
2079575359
497155859
260503248
1519612807
1149458714
-7885994
1807714569
-1147569811
-529920322
1141973354
-1233601652
1720747887
-810278396
1041090564
65906783
1074713611
-1171926995
-760373400
1322092128
-535657732
519645770
-1839283328
1238780310
-613324208
1149385798
-360779327
-683791229
-1279353180
-1305224660
1304261166
1923758224
1491558926
-1322643040
-159476649
-875119317
1187990017
1314300597
1772186474
419949330
1958698060
1540989078
-1770646953
-1423130202
-317769758
1277751018
-28330578
1229405996
595637877
1674454724
751492841
113562977
-2128260262
-722382943
1688220818
250282746
-1547877021
-1783430370
-860168181
1123900400
-89902639
-836038902
120343000
1933167645
1061814452
174423020
-688100569
-1042602815
-423675793
204418023
-1728118180
-678938672
-1046658673
1539637322
91500625
1569299586
-796165314
236347851
1396416401
1242370831
1549687224
-1302711718
1886790953
376180965
616009836
343346606
-1534145566
-1607906926
-424028528
-2110843854
542934943
-1369042047
1610500538
1203439096
2004834636
477310003
1083388060
1033072148
-2050859611
-664732123
-1984772169
-2048675385
-119036994
-1617896022
1025489992
-1371980769
1287667543
-1650236698
-40281874
1192887447
1342206534
1596827186
1579877604
1745988518
1803036171
-1127922646
-1914751000
-69584997
1514774336
480393861
1846936357
-1324180953
22096399
32464144
655976981
278512388
-977630531
-1453773800
-636115608
-749402708
1288901781
451988112
224610248
1197149578
-1265912324
-766430464
222886999
-869989514
997296364
1347319916
1138234419
719438550
-1010600276
-1570847316
-8573370
1968843838
437842674
1581675749
643910345
-427691497
463227141
629462068
-132920537
-1124691749
-1372784035
-813482135
-1479422798
-2105071303
1670525582
-873260705
-1547622906
-1964230659
-1371400708
-562677465
-1035601462
1749881376
516833947
1603757388
1368635705
770764639
-803135799
446677066
1740291657
-1503576124
-1574467783
-2081413937
-714542920
1798454218
-390396759
-239299027
862798434
-1619719155
1605067991
1322239861
-1373628082
-69651950
925021944
-1788614204
-1078495061
1266814166
-574822718
-1411331080
1479086999
842433472
-497755871
540693895
-1016923444
-869809590
-1590774844
1491006947
955013813
381796419
73736147
-170585465
342294587
-7043606
650509370
-1774666277
1022529103
628163391
561555915
-832940488
-633286754
1544863320
-418326741
1041321360
-1672116065
286616862
572940189
-818477218
-483688508
191114216
511175121
-948286446
941576667
1641713804
2006230576
1922229999
1487422927
1914684027
122247497
1155563498
-272520304
-1997608626
-858535134
1482605281
2056512219
467105516
-597716842
-344234234
-1817536985
1562169627
-1777624784
-732837809
-1155765547
-1062003670
-1243643566
-1837212332
260463382
1058877550
1315811525
1160719961
-1626626130
-954240482
73107407
1715949563
-1329636483
1932826678
399636832
-1587782162
-830104709
-711715577
-310719660
-915525244
-1126458530
-1032549300
-590148731
-299022372
-512371914
-2124920144
-1371295477
-1058795732
-551968191
-1864400292
1577737815
269728858
1680376055
-265611550
-516573398
-1405617333
-714503406
63584837
-1744151670
-1395731568
827761
-84267361
-1721548030
-870656168
1954393402
186132836
719135514
-1263177205
1675494612
2091633508
1130390075
-72674618
-587698957
1580576378
1626693249
929880204
1975359100
942965669
-1156305702
-1134898128
93753390
643196283
-236486101
-471438457
1145115551
747356616
-147273786
-950728430
-1270904053
-2113588888
-2007093294
-1808100665
1402770790
1406720830
-1176249789
-877063418
1336172311
1679469427
-1353203695
2000750523
462907716
2112854461
36071529
313270758
-980037007
1110738744
-1897303075
-380580389
1465167912
1076118902
911783861
-1714005456
-1448119602
-84392567
90522965
-946191388
141247505
324294138
-1942282633
1134893725
-1559801184
2103300370
-2065762958
-62266877
-1470863092
686920880
812633312
1652377693
-1271282980
874280
-1572406412
-114843743
-1992346501
-1020543813
23402130
538784607
484820948
1098580269
1727251648
197818188
-873003443
1119934510
-259202402
-717002171
44533282
-2045489178
-358232503
321049052
1086510382
-540332699
-842211937
965073910
807101227
1396151715
-391272451
-1347554991
1798938774
-375281422
897505940
1922194970
1011584740
155858812
1460769997
-747828632
-1009098036
771403001
-788477210
-890635568
-278326261
-85019551
1964034298
-407605987
196899805
294070538
-1658811094
792338435
147191675
-1473074954
-1853499615
798801211
-980514769
-620871841
1170544953
-1301479514
1672358507
-50679983
1285187061
963093478
-1961543041
-429531179
-299188404
1086884638
-763881106
-1658156975
-535050840
-1305112698
209045735
1845311529
-613644106
-1227007669
-801536593
417847212
2088846478
-578600359
-945078736
-806487168
2056595397
2062137531
1858538639
-218655454
-31533016
-1403245796
-206523711
-1828096906
1546024437
1310908340
-826265821
703700950
-387259345
-1075692391
476498872
82709907
1611085488
-30571582
2104007023
-1455039676
1353897623
623160451
-1247495409
2088134624
-1222066188
-1652282213
385097812
-1121443957
737346365
-1935632517
675607875
-1786430500
190980961
1938667657
-80425072
-1457486425
489442784
1182575985
-1299160908
-695919090
999058973
-786619124
1102535406
-601430520
383442613
178135699
-1881754453
334219609
1472615091
-336864761
-1371877351
-1897424761
-2002071430
-658637139
1382404863
-982596783
1570287595
-2067253363
-1718318318
-469147285
-1962770594
-465678175
734479137
-141850317
2114344891
389572430
1986474117
2147287927
-1495385097
-1457320537
-423476498
-1958667071
1061184405
-414996393
616441271
-1425609166
-729814128
1015490998
773335664
1722455856
-1634310779
117155712
-1017167650
-722500667
-564146606
-82380223
-1164685296
-832874482
-933895952
-1270426773
-1204689694
1484274173
-908006638
-1517869020
997133791
1134193117
-902195566
1987030831
-400257849
-107018536
-1041627548
-753656964
-821557722
1980891262
-395122952
-1840385676
442870457
1325179299
1368614810
288266074
-1512011915
-708012662
1173015106
-338954980
-1303225785
-1045099187
1381957103
-76207030
-217873436
-388849233
-1705555554
363353737
1827587923
1486701054
1897239536
496939993
-474128285
814258855
149320925
1431185233
1992987290
431299021
-672518431
-49886572
-528414257
444906946
-665383180
-2067616224
-1748153888
1511036022
961074946
339994213
617863327
-1844856958
-277380795
-198035182
1743855892
-878044372
-1499528840
-754481398
-1799946523
1916643672
879343503
-828125909
708681478
1476933329
-198964288
-1707674067
-1551146947
809939946
1971510772
-1221333665
-779788016
-744685087
-834157340
-229138864
674015085
-1818202791
-272220673
1247115474
-870947842
44461570
-1816637425
-456392488
307393447
-410751097
-273094165
-334676718
914136582
139628328
1558681224
75252883
-1003935943
-194293007
289800428
-1679385925
-1352691864
249980488
-1399765598
1860657019
-1480641338
-490405866
1842450733
392025612
1017655464
58951764
-1428433191
1050783086
860193849
187853695
1282917730
-1493535895
-1542019149
-1841996935
-1531056227
1103437404
673659503
1756635639
1687404377
907996209
419787940
2123943933
675633951
-702135887
1444659841
-175870191
1989173976
-167143196
1762780163
-365700417
-1634904077
-1656889443
359046029
-1359211939
-548170155
1300700513
-680985713
585035927
-1633300096
1044657425
1873013429
627958685
-1270226137
-1042902229
669907856
834552297
2096800200
-187098154
-1791908841
-615754613
434786191
-647199565
256142376
1277281610
-270797225
-385064510
2020424353
-1689255285
1986415692
448816652
-278940630
2068957927
1913865620
595860326
326236963
-337177908
2050464287
1460718472
2146911300
1865554603
15372118
1694512776
1500690176
-896865540
2098923154
-113965165
2103568139
1222334115
189279465
1077343595
-1182316630
1149601896
1995845836
1341064270
1304444570
-988849206
1964605149
-1198503830
1994356453
-1456692587
-1781512380
-1236335061
-518173558
1272314454
-468532215
-1572980219
-854373169
-457216201
564945115
-636005573
396926761
-174676235
357455736
292111228
-350858485
-1194011450
-528091512
91219376
1000655631
1267968594
-31834754
2008509458
-501499032
1347809409
499551273
-146932148
948584595
1926431472
1089546936
769959932
-2083317594
-150243496
1373306416
-1781519345
2049087118
1072693089
787885677
164706217
706281700
-1670428527
858940469
647249392
363524707
-1951071999
1122521181
-976030170
-1399709943
1832066717
-689718802
-1658787585
1192686301
-2070178831
-199945665
-1298100152
-1095445399
507923163
-1688946275
1747450499
-1625748044
-1742034300
1017218920
-977866626
1710576219
1290532594
-1331005486
-1014729317
-1926245593
-485531086
-545117395
1025757713
-2104892766
-319978147
-516574997
247301854
1209094418
428056568
308399801
810956484
417038626
397335959
-461124311
749474203
1354737689
-2020719115
-753695112
-1070387626
46266049
-160388035
-46117658
-508013967
-1036626756
917213633
1977812331
-494931448
-1178780283
1194480238
-289484902
-298227144
1268601751
1693283780
-1450797294
1554272283
-1293657726
-1718912635
-1380602402
780472844
-537575906
-26873949
-402062112
-1006731460
1357144116
667912872
-1088935044
649442281
-684455707
-2025508509
531528665
-1083229819
-1723260213
-1968269708
1825605292
-1152136407
-1025951387
-1109435269
2082866712
383554909
-623670193
-1602322611
2027663121
2131711389
-987170754
788744896
1933788659
-1955664810
-1075046330
1902782543
-1961728011
-279581767
-483327552
-68803144
-461424835
148625970
-1138699752
2087013109
-241191926
-608354933
2007306752
1501512192
380469593
-1728145397
1046589250
1351129720
-1211852786
-1819326971
1455998604
-1479489436
-390714617
-1408856440
1486277624
-867131639
277743727
600353093
-1077468259
-698188157
-1311503616
-1954943681
1720284363
-1335059028
1167103805
652934886
720093853
-1634916987
-1935890695
873027838
836615643
-851907721
426657027
-530934468
1815020801
-1467058917
-1274839143
794118063
-1606932953
1153916292
-562487736
1596800712
418505985
-821757632
1524799526
-18742804
-1913495900
1027123929
1384455995
910365503
-876674131
-525997431
432007177
38316959
-1334757017
1514833283
875205274
1694755905
1435774254
-1038006384
-1512019930
657040505
1525237070
806800442
1075947111
-2130146190
1379585044
253915537
-689324427
1302688000
1663142222
1109078927
-258720871
320625060
-1041155905
1138121684
-1607908578
21970524
-643662136
245370508
-1420805399
-1836042996
-285135909
413838745
1636006280
-1079453014
2109491832
1357022915
-1272986891
1930229426
-2098087167
1792738722
1377067732
1648076710
-1745438964
765606606
-1728306273
1065062042
-368691826
-971865174
2106447558
-535051447
-326377130
157751622
828144742
1516588716
701784999
210175080
1854134551
1737467157
-905738582
-1657324122
1667364204
2028758497
1782044192
1086076932
-575657904
-1193470503
248174918
-1491223493
-1852634758
513756289
242718508
-1650492294
-931734323
457101689
552044172
1094134291
-1702988802
-1235788182
1794749358
1273725440
-1776092131
667964804
-46949244
389404113
674702530
-717082068
705665069
1781464192
-1371650724
35848109
-736168633
578915031
-983705912
-1329752741
-1948765454
53777810
-1613548932
-1402145067
1001502741
-440937288
-38078898
1823030564
-1980033580
181361128
-1024371846
227550685
1301804728
1046189437
-1954198129
1935206181
142648096
-1015782764
1982645823
699882572
-1371909157
1143877562
1099934683
-1316482289
-1060280568
-193475976
-125083175
-712934334
1811955043
-1360660837
-1980176079
-50374519
-1091341314
-1464169037
771738007
827942007
228303862
1851992718
-94013961
-1301426354
750165617
-2127467728
-448462928
-1762905416
-86647255
1118209050
-988922963
2141574418
1874000678
-1548729212
-1259829239
324393499
-1235352488
1974699257
-548825442
616859970
645957716
944219053
-381896343
2058584562
-1085010581
-1299333707
2069624712
-789010470
-360487157
1520963262
-333718250
1612944513
1773148076
803034793
-2052471099
-1487971794
1835532507
-1536787687
-208762496
628132393
873212804
-1461975408
778651270
97789382
-1921499373
1557501737
91974420
-1743272987
1169909863
256970069
-1503919739
-1454150803
86883657
-778780317
-1403376217
1014043467
213831589
583971079
1587432254
41013017
2009747893
111421009
-434898432
529218794
-1592912129
1331126012
2001969848
210610057
-882923807
-1745573778
-1226267658
1186779664
1885333474
1640513512
-723188655
-304085097
-83541749
-559578466
-2061726821
805195627
-148921696
-1435494770
1251815871
394544680
-1743307059
1408687130
182396950
-689316099
-1321066545
-1562727975
-140596825
-1952667771
-1488668889
665981
1794194865
933305450
1564169366
-2099072737
-2076338663
-234225263
-913926176
-689717545
190458564
1207025832
1947037513
1969974279
738328673
312660145
445223417
269436992
929169756
-360830690
-950600655
1948865186
-2136396797
-716543100
538638262
-359985050
1701443945
-1950791515
-882161045
-1713546020
1392045895
2138505777
-979656663
-530636700
1306720438
-26327981
1272140917
-36165545
-1284636297
-154126365
-1345120903
750225031
1318783004
-351283555
-1638420473
-427951602
1462866071
1284208278
688314194
57907129
-1330302932
585672318
580902257
1530451592
929736029
1265498403
-1850983757
-534893615
1041700770
714101955
1842545329
-1143673502
-643644667
569615305
1024222382
970291690
111554911
903278602
-1639392852
-1697679828
274583335
-697069464
-748771186
1368043177
-93406210
264457725
-1349361919
247506228
-1085742923
970880979
-2052855660
516274547
-1469377585
-601144091
724169528
-1822555173
309727514
1047522042
354245390
-691163316
-1881708811
-550434891
-613032969
19294151
-2111535871
-177445208
312302053
938423676
441995720
2024340907
1261592156
-1258732060
294672380
518662985
1983247001
2072226332
-602058156
-1891892405
336175606
1586696016
2025031829
1675373081
1241743926
-1593699332
1079366237
442279339
-2068065044
-1814283558
-1622948957
-759806099
-1770721853
-1539989808
-699547842
-1891596877
-327153507
1199280879
1205611754
974380665
200728438
1727440441
-1059724308
399689410
-1068435477
1367722869
375689004
-1843192986
849473619
-1704238191
-1980368418
1547814809
-1732270563
2058495395
-460268325
651293157
-1012337448
-1952362498
148777371
1194852318
288032738
-1679869228
-1816385367
2041607781
-2071539697
130726030
1140109972
-55832815
1758521891
1380985324
369485982
-2010913125
-1711511911
-1897969892
-2081406268
-458664070
-284750722
1049276940
-1542166451
536217620
1429762054
-1535544807
-1478837307
-231090556
-1869733163
-853057657
560532179
1120738135
-1352862533
-920198160
-1378286945
654429417
-133175374
1588741642
735277691
-1878977258
-986103484
453559707
-1699511049
127518480
-1912915438
-875357166
526039428
-494907584
1240759580
1558697524
-143390234
-1372694081
-815713943
1882737157
-1484026448
-639988770
947208828
1935320080
1005454494
-1795916783
2093478605
2054431232
568643939
-166403184
727862333
-1832819971
2028026172
-551543272
1552277517
231112329
259747081
-1449684670
-2030198311
-455495001
-2044371367
-2115249318
52899625
1522658049
-956890662
1564600657
-676699014
1675688701
1767141975
-549950586
1754064529
-378250361
-1990283184
1098114855
831769669
-972868853
943714237
-551563504
647755809
-981045308
1035149843
-1312858225
-1050681748
179709840
343246036
-840778811
-2042397119
-761334395
-333612995
1324048180
1250204377
-1325133520
-1691725364
-620274115
-882722438
220749156
772482176
1649218384
-500196624
-1634457641
759798086
1878781476
753215285
228866415
-1184637162
1829869635
-1489407721
-576986210
-1364473860
1490925236
-194333515
-90222357
360430543
-1651672298
416875678
-1878603547
2090619585
501077257
1716816352
757164925
1211954355
-1841057595
1977303730
-1759245653
-293257439
1994950589
2147125463
-981342045
34947709
-2037643074
1192009375
-608228144
-589127086
-1274509942
-1366576352
17702954
-1192796734
545390264
-1755408438
-1001219882
-127847084
-878896037
-1849410298
990887768
1314514228
-1090086605
1184384123
1951001607
1134425796
2120832016
2023560631
-1833219515
2044479768
-1652405528
-1479206402
1850374562
-46521635
-885759120
-325300558
1933316918
1995935927
26520864
-509348941
-1253029834
-691879941
1612221070
-1701882180
-1481250283
913624213
605180479
-1675963057
734300167
-1487370639
-622553209
