7669
-1358352314
1028374256
-565106222
-815073615
1656904715
548368006
203167519
-941573902
-300780154
-183265436
1176122592
287710062
1788926903
509292075
1241669104
2073946791
748961513
1481011273
-583846816
-1136775960
-666176670
1404203144
56812472
1472795534
1940209914
1186590484
439287772
-1976644311
1542230792
-778537498
-780219326
1297504233
405493457
-1850512584
1626319997
333594583
1963509966
-680372506
422305583
-1591542236
-554450856
-681460585
1797320968
-434270784
614794088
-1460428147
-351076164
-2088492771
-167926248
1447624078
-2136854280
-1047959878
1828783071
1961540842
624630288
-1257021648
2083444609
130892623
-1806909828
1170639586
-1388022319
-1291902329
773454110
967573978
-1668511515
1690249513
1281935740
2107156706
-1082019622
1545475670
-482322435
-966812081
692146044
-1267866303
-320539858
-665863729
-1560570298
-1141464353
421680438
1080357194
-1047850014
1456222918
-575702684
1825702525
-869820747
-1863187504
672737113
-1774275045
1439741781
-1132489911
-9384668
1191537630
-1836702520
-425492701
68074861
-566671298
-2042259378
881530612
-148280727
-2068106507
-822054648
799245258
-1575065441
1571943640
-1711718856
438042281
238317659
542147438
-1405409374
580328819
992949598
-805830537
-723353242
937001172
-507211998
-1782721597
-874953931
1598609586
-646746365
950160426
-21108767
379190283
-1938814010
1620378037
451796126
-774933354
-116935570
-428237797
1735614015
454645726
1044569298
1812099337
1722707729
898633369
1356050668
-1102595676
-128320275
1109025157
1503086750
849117740
531597412
-1374481070
966482613
-625541828
1430548366
-27293395
1706376583
958046393
-589049323
1282388747
41934273
2026515744
177076548
1088963398
1976431070
-1731658156
1457163062
1038976221
-518669027
1151303920
1217506708
-1243950427
-899430286
1832977770
1914634026
150235265
-813312605
1888334968
-1970369957
-1197946873
-1623958173
108033922
-927173824
1178269789
-488094219
1904256940
1405067121
-1025742413
1996896114
-773125815
-1845052169
-1772072063
1686201588
974083708
-931008811
-1519764587
-1386612696
-1680795285
853618099
-2065012167
-1583860327
260639263
-1076809547
-1836615882
1875093503
-1736305701
-1076282807
1885851449
-1609214620
55393569
1560780665
-103507646
243114562
912844355
-591807307
-374147800
1264284886
126053402
-79590656
-66038689
948326565
-976200940
2011919649
1887944895
-1976999797
521972705
-1594445345
-1098752539
694953673
2056123962
-1232901156
-96386359
286421272
-1671755312
1509463386
1204137598
1046630650
1488872103
1645741703
1170400158
-1347051640
2007667022
-520066030
-900095508
-1309807369
-351637177
1711676865
455038571
-189503692
2131502111
-1206936374
-389116166
-1340413080
-841801760
286425037
-1611143275
-202886592
-789728669
139249332
-312988744
-489152993
1652882827
487623425
-424704219
59898918
-1085386931
-1996533090
-452453805
772632287
1001810843
1938880924
1350046353
-1700476096
-650900964
-1434497011
-809644526
-1977641075
-133518164
1567339166
650115767
108371052
-1019608935
885958635
1012836326
2091763631
1446004060
-1047318887
2009308605
832721210
792335219
-1846932734
-1682875262
1877817369
-1672438112
-414210846
854457769
219812060
2026103351
948462367
599986812
-624398729
-1370663095
-1085365458
1388022369
-468971271
-338931245
-1398936926
-1290613948
-336521525
16113067
-583593276
-1388430389
-1808441256
-1196993092
-447378281
1867586615
-1714434215
-373473294
-2034065342
-738131242
1556990597
1196765590
1089353752
-1477390516
-868617516
1730446265
-1587486497
-1008335085
1754796637
-1258124027
-343329932
-1204264812
1892333502
-1833451224
-1426254106
-1112028223
605464643
678922363
-297817525
1721608529
-1387253405
-166953560
359378197
1936602446
339555426
1243876362
-1653153252
-2141648069
964013857
1204408162
-1915572056
-1288797857
-2062948866
1146885486
-1980118783
-979481739
-1133059576
1128435429
185497739
-167252256
1320690794
1858974633
1343031875
-67058294
1831937944
1746268041
-1382247854
-438813220
1488110569
-1651903273
-1115834647
-1370241583
-264175944
-193821311
-1388974273
-1019041562
-502882887
806337009
-1714853115
1233644692
2090660078
-76929834
846752434
2080860064
612409181
-373278231
132476697
661262372
1407816572
2065904129
1738809675
994047965
-602825153
1272283145
-935727364
-393539839
-651599592
-405967044
2098288484
-1194749811
2142359321
-2137005317
-2054464688
1194640837
-913532421
2024664620
1187780946
-538991852
-2064782580
1902910565
-79516209
602751486
-773986292
1943621160
1559625384
-1342151289
-770206230
1419904107
-1623089423
1644697637
1371993314
1041404287
1424118343
-1341611842
982593541
287188816
-1256562594
-980344031
-200074622
1594945500
775166941
-1272632369
318713244
1127174494
-546444451
-1002443218
1175520810
1203092260
1232002716
34475166
797240895
1923265057
169585807
-1286748119
25699864
735908948
-1325137970
-1403837402
-1462360323
-1103633234
1663951912
286290230
-1072958485
-250032874
1711539265
-784433249
-643936639
-1265854703
660484473
287171985
342089441
156037187
1014582978
-2114528437
467552470
177130491
-224255427
-613875265
824596249
558748849
-1814048381
439002728
-766518546
300740979
463230986
275242955
297474507
-1600674992
1003837598
-365002284
1175444919
1065103896
-1311206373
795414184
-850726711
987167857
-1229659833
735550908
-685113420
-376457763
-1904508268
1130687782
-2139605524
349881714
786003038
-781012159
178677514
-2146618476
836471498
-1521123927
-1068308803
-1157292936
752389080
591775455
2113450328
-2002205997
914339811
-1258168267
-1820393615
1452052559
1934678955
-1766222865
847476434
2085610808
-1260941061
-1899009843
-97550263
230034838
1096699504
123090097
2058887042
1704254798
-219317151
766942511
-432871350
1337540663
-1837743030
842246210
-277259511
134749606
-220311119
2071424856
1261151102
1435096798
984107449
-2119720272
-66534622
896624122
1715905198
-557370065
-686426671
1253232516
-535043264
-2000025745
1052253676
1731250031
-13712136
1760856125
-1388541885
659658285
-2108235594
-127911425
1105445722
-580312163
-1963955932
227210897
-1970719308
-760076880
-1947406370
1853306787
-459378777
115069893
1813375985
1658219737
2004996484
1381137626
1333238834
-1638359395
845680512
-1225296639
671850898
1715465218
207191490
892858123
-63993322
-1205809086
1757565254
-1595501152
1632032693
1517320284
154872700
-361861228
-986396370
1246090846
1192246169
548522314
-662869509
1484620790
-335177727
342513569
510768362
1325954748
-832566883
-642435197
1201956281
1602258680
700183254
714561768
-1418790455
-1993290610
-53313152
-285827697
-1965614632
984989878
1313533098
-1869898572
-1383176441
1338534519
-11892992
1240496730
1479742546
-118789241
218494115
1177203219
-269310551
-1554903939
-1584543253
-460658841
2041801824
-1820212206
895772008
1516519139
1858351821
-2031781361
184942880
1469593816
549388522
-900238498
-1600807013
172230053
298703035
504382387
-1361870119
764622877
-542689459
-80408652
-1198273131
357346117
1194486761
-2048094899
1544234098
1101932871
-681023816
-143387597
-1357261327
1485332395
763000524
1205441235
1511843516
-1218279407
-635953323
-1301629151
659426290
-1496999287
-382826365
442787779
773737019
-1140332369
-743664903
629375300
1033734856
-2063382589
-1062030013
461145532
-678394872
99156771
615327605
329448242
178739111
1017532963
-1657599534
-461544409
-528080166
593716534
-142797020
453992981
-1724228373
1794978159
-842722156
-870517759
1931785872
-134641196
-1337565084
-1299356043
-1024863896
787079309
-2104857465
-844639064
-1606191350
-1191224998
266722206
-1919830375
-853178902
1411622012
1719371013
2090374497
446350993
651273828
-1343193986
730458035
-418776357
531308140
-1600027153
579562920
-18885398
1256993511
-538582642
-1679748991
1809508814
369959227
190282676
-1982467775
411828510
-1127928805
1690009063
-360189344
1412385079
-1072604909
521149003
986228551
1130140760
-1880401401
504237164
57832482
-1686280075
-413718825
-1015930700
883376443
-1351860918
-1523732794
-2046751678
-1987903710
-1878889141
1582461251
454015234
358179723
-857124235
645204285
1814635140
906879698
-132831706
1347515621
355176247
-1351854373
-1381673080
2022983542
608019924
-2074197688
40772826
-1896370690
1808034207
-613199266
1561249023
-790200615
457392349
1351555614
360795224
-1276531262
493218897
-1042297726
-1832321368
1186827333
-576888283
1217219819
617263120
-268316964
-605804554
-1655749786
-1594998689
-356814941
70147529
1999879740
-849825832
-1040162504
-447817977
943670989
-1588113352
-1930191005
597472030
-657003617
1666226551
-2002174066
305969692
-391364773
-699166312
-391038687
1860508452
948393465
1420276713
-1697775256
-64543144
832440669
-412127057
1891078010
-1656627270
-2046027604
-1604103760
-100470620
1025210415
501416729
634449448
-1848904817
-1844605278
257908275
-2076919875
-1262568335
-662790222
-392000240
824984944
836950896
276253536
1559800626
-881971321
-922975063
-1322613585
2074693763
2025507827
-1064108261
1115211173
-831981180
-39475606
-1946022283
-2005303700
-719126642
1655754967
-1882704266
2061334538
553724391
-558901276
-932815031
1788584403
989899212
-1050560355
-340006941
-41821297
1881866682
-641090081
-2116593858
864851276
-1868441524
437478831
304481925
-652967289
755624032
314072932
-1681907263
-232322942
-206950482
-736149651
-1775780094
1487989542
-456352911
1663977018
1058532726
523720707
-1253691910
-401685369
250520971
140673102
1035764681
1984953021
1628403608
764251735
1575007682
-781949182
2109022319
-1252647386
-1860952590
2115931594
-407760158
1464021877
1008956202
-1986840462
590882564
-2040944051
1601131118
1369009276
-1574740917
1443213782
-592827884
-647849607
-290485701
2041981043
-572793710
17887603
1395335598
-657885531
1358951163
-2093341121
1256899407
-298416188
603648302
921142161
1386035334
-1028973966
-217614953
502058072
-2077227690
1540187101
563539465
-1431156110
-483078793
-1742798630
1160102081
-1888823182
587318395
-250680929
-476262084
2105259365
1375272558
1407579254
1063963817
519560933
691212721
-528426997
-761576768
-606827282
1624113105
-590962499
-195983621
-1278416276
411017153
740458323
-357670335
-1304303455
944822136
-1632236219
2080613908
1728948258
784207229
1864131248
-382411248
658883927
-1813503406
-208412858
-1130329469
303203479
472530060
-9419869
-97136209
429314005
1867983834
-1659014820
1748563419
2130543275
71523143
663156555
796634235
92785847
-1097112991
278748156
608602901
1373089903
-737796525
-487546719
1001299219
-1695831702
526500282
414798252
1920938700
1900406279
-351431409
-751751184
-2142222673
65356484
839596312
-358337561
296044862
-1413077711
946885013
-1130263889
-1306687434
-1759578448
-1397130186
-861152696
-728319582
-1352575877
-1633533287
1819231536
-1876761594
-292187535
704889010
-308635437
-2062643801
-2060852996
-576856578
-1410518610
-1955526927
-860065472
2130407684
935204692
-201881458
-748576297
1825780356
1372114297
-734386821
1657676762
-1079900730
273428912
673676092
-2030348930
-540373001
377327021
619830911
350762545
1546897078
1030660026
253033980
-1620364566
-409558196
-292129927
1613037112
-1533462404
-1665134078
1616433358
648659442
-842927435
1070860467
1148107325
881329511
-336899530
1996252835
-637152531
-1516317266
1653096005
-1982620599
-1886478398
-1497021888
1093908953
-1354808367
35341958
-1334775725
-62785488
1607184224
1999659021
1750567175
-712386614
-1162489116
-2014342877
-1387134506
-808529317
-2146259911
-664888463
-972517780
-991717637
1429316965
-253769620
-1160241950
1834762845
-597883885
972058229
-882465547
-725626346
-114809826
-159281986
-300377638
1423918755
-1538918424
1116666028
1333332320
-2010350423
-1845170167
595458388
-1905500612
201215985
1730279450
354483860
129645363
48027610
-562097144
-1854136832
1509357997
-603245970
1208102603
1289930646
252274854
-812183382
2086384849
-1129226595
-1180345911
-65333408
-323804478
-496667434
-1934540998
-123459409
-1204304841
1632438741
534669295
-576669894
-492789452
57926858
-888574192
1688757021
-1204127443
-1646465326
-999873260
1337593348
-776204688
-123692842
-415586969
1500718406
-2024689089
-851088308
155271866
1969375754
456844094
-1441124326
-1549153671
-1342698093
-824460381
1374906667
-339570554
557428959
1556100715
1863073189
1439160264
-517328801
2101931519
2027630322
-1589701831
-1934780624
176030348
786770928
-967956809
-1700830241
-427650107
-319163867
944272484
1029979822
-1322683118
97447367
-604799610
1231855126
-1826465677
-1918215405
-427834616
588279805
-766801617
-1760588192
-240557103
2122234194
-976591891
484154641
-1261365432
1524305105
-1953363957
-1980746294
2085245216
-278938684
2038562098
-1124580405
1841681963
40388781
1652398692
1242170408
-2098478974
756803955
-2081114052
796225143
573416365
1909916663
-1743208923
907413229
353489684
-851489873
-212229698
1473042167
776769772
249488678
1354461011
-1841050369
1561153659
439352679
273465309
1747690474
-1513222094
-692526624
539464
-252201155
-80123473
-2034891739
825906199
-240874413
340300681
792046813
-2051755342
2972448
-192322996
-1756955242
1088514717
1271583684
1454235746
1239099580
-1949602229
477045153
-2022106617
-2056415366
355848776
905546805
830326587
-1947204072
1767366537
-2027213154
1066016418
-1960349393
-344483559
1372783494
1518723395
-1291204020
1545716448
1801715189
-1949657832
2079666960
-898238241
-2121794371
1420400498
1989164980
-967671704
321677088
1187759167
-224708058
1654987685
478331065
710374264
1340397828
2099373877
-1525588477
1328771013
192071789
-2008700881
-1955297546
388056400
549158954
-1885995546
-492543293
-1771654670
-718142008
-872925529
1512426859
-1638384774
-1405706964
-98420691
-1144822163
1455029134
924224793
1085265921
1799617968
725233547
1199178702
-105810394
-555917842
103657079
-785829648
428987272
-1007251127
-1562329960
159749574
-652908612
-1676260861
1866298484
203804105
-343046542
1303603408
-2125718144
-287435458
1162785029
-1188878093
1229319383
198380787
925964055
-1991767596
1249220850
-625552222
-511276816
623718632
1068732942
-1072535851
-763177368
1247540037
-1942892385
-343286921
225484014
2098989544
-2003472512
-1141627920
-1454878890
-2045265939
431603787
-527786366
1974076186
-589351467
-965279779
1354166075
-1796023973
-2055709583
-715063995
1351483454
-480013830
-716625651
-2005911617
184410104
-434526398
1912062277
477650066
-1545802518
-398607910
-1972403429
-1243333551
-22192735
-1525153326
-1192713463
-1727603990
-122724235
-1325368862
562983909
-692552442
674684705
1078794335
-115037434
1450882952
-309702608
1960636564
2051800850
721948687
2144912786
-982102353
1139715420
-739068623
1442810197
-1810689823
-1361479064
-1614037850
-808930486
-39742660
1748377252
-1826169308
1854106771
-1001934268
831364157
-934385604
186061731
-807074110
592689999
-1018169494
1450709130
-271094377
1516143195
1600806385
-152448014
1892779819
2108377617
-1070901909
-1007605080
-1999980095
-1839824126
856012517
808921634
817990125
1013556357
-1525803814
1517520796
-479400193
-1405818250
1621667460
1257028783
1421263235
-1428081160
-161193635
-1730155089
1016571741
-1280936425
288069485
-682888791
-1857775856
1776324615
-1770483078
-463822590
146073411
459922821
1209665562
-517591529
1319818760
-2039061433
-988835358
1527408583
-1125234277
720772932
542044838
-1918746858
-1674070806
-1596663259
1778434707
-742379052
-525398819
1272201627
-934299546
-1276892030
83323131
-1416470482
-246290329
-1160309801
447616041
-1915150045
-1989297700
-1675237368
-130298069
-1334838806
-251470006
-961753357
732066594
1488875942
265928613
636951862
-1545074035
841566020
-1659728372
-95241755
243846940
1346510439
596461716
-1016862203
1830528880
-129334292
1681373968
1064452123
-1873962301
229040892
1474705379
-53717000
-1715604995
-1698410278
-844851063
-1852597135
-23148991
-1709145531
1671921898
359228930
163522977
-2094991171
-1138441939
-722614829
487882327
-127334182
728598474
1530751394
-1223300649
-2005240155
95451758
141614320
202246285
792759812
1909721322
-1835419837
101550900
1049865816
1582249520
-188881527
-936030069
2096564564
1694090353
591543870
-1093597930
2046119005
-1678118999
-990236450
-360796242
-156322558
1175766894
-311453154
1941255392
1097397636
-2126954437
1426807670
1977789099
-149270405
630818036
-462497642
365131719
110910364
-43880761
-807451448
-300599887
-611498581
1686309246
718795036
1313266295
-1569371383
1703734604
-1161825245
1568247959
-1822429470
-1272141707
-1100289635
1623389181
1964118272
-1554679818
501485450
1129279584
1284645903
-2094441646
1989326890
1539366830
1452433308
1504067106
-2139830382
-637122188
1641385025
507739092
-1702964384
-365952163
-20457166
190480552
2010727363
1049712903
-775563387
-2016619474
588183354
-676123273
-28073947
1067070827
78257938
615378131
887180926
1902886080
1250831385
714294461
-294760482
1909987807
-1780193370
1015586799
177390424
-2077058581
-1489697815
-1135069307
-997274622
-1359420374
1008992213
-1098399243
463206249
454794643
161076401
707453162
719664945
-206352124
2022782473
-219045828
-1525208037
1843279525
988675932
1263070468
-843841500
-2125780236
529848542
-347074297
-1966868872
447536258
1890080262
-1374878073
-985813044
-2133689675
-2077141111
-2128283213
436937719
1931928805
-796969980
-261014015
-469609098
1335458709
95845109
-503929576
313478667
-1998497317
1465328149
-88086071
-303721933
-1694145988
2070784780
821513880
-2065988128
157910119
1767679755
-1152508294
-399283851
1725388353
-1795795178
7403617
539350887
-515666184
1613656745
1914049354
-1440651620
1174153927
-1019261523
630397955
-1029593069
343267879
-2102178852
-1694827571
1399332853
963200762
-593627318
-893126269
1732627179
-1553528232
-2065743086
2060481631
-1127320670
-1855426534
-1990011804
381683488
1410922859
1156863894
-769837834
918512515
1271322072
273450755
-1950081485
-1819262030
497364742
-1619279296
909573958
-117424042
-2043289643
-222121715
1794875832
1601752076
-215868818
-160568123
1039732505
-568262036
2049909397
2128280359
1022763161
-1497591693
-220726044
2027307649
476289817
-1321574997
-1572280839
2091185202
-583323173
1536623630
-1764601169
800235624
-181990255
351806357
-1415275677
-295897505
-1544966106
-858099636
-1840453958
1988948384
-1437814822
974957570
-1705444110
1626608895
-1109917163
-343859127
980372428
-1229755969
-244141568
602772040
112081309
738682064
2034946378
487677585
565385111
-2033789172
-1014857000
663352076
-2142213092
-1512585568
-1288730695
481312511
-348237875
1707172763
-188278235
-754770886
-982071027
1218906854
856595918
145045848
1935214138
-1198346297
-1102680681
178730663
-1511245035
58346704
-1061943747
311623053
-2102249114
1583438593
-1221824334
2113452050
-337501871
-163892729
1134212257
1460210910
622681194
118851682
-1684695952
-1471092443
1071062823
-6607610
-746676783
351464546
76971583
1046971377
1754809803
1849589973
1506393854
1827626185
1181486292
1788008351
1747705519
-1001216976
-577338185
-1986794058
-988783800
1861573713
1110700983
-1161168494
268916330
-549290778
-762127505
1344122181
886548579
457458225
-783525567
-2116339856
-1291911098
1675107222
-277139390
1856026622
2003073733
-1702903178
1793286537
-1854688212
-276816179
213383469
-1150661177
-1087502298
-2057743480
1734223904
37796393
855055442
-464239889
-1144961084
-1310499381
-929489768
-169468594
1583721674
-1360588057
-1616985348
1741225219
2117378750
775409169
-367933347
1364442806
1729518583
-291435453
1691404216
-700818576
-857473825
-415240363
-1505255170
1838990912
1134006132
-912458564
-1618593530
268927037
-1682650476
-1770187673
1372065634
-2122529498
-1589280370
2086838786
99305170
-1423653244
-652918561
-1312418298
-1058590425
431415804
-471021269
-1826342645
-30755946
1372299405
-269783615
1044467748
-640286937
330846382
1475261494
-1606651963
-816070962
1870821323
906917767
1228330250
-722916712
-1349286347
-1964676912
221505642
-2119999411
170990631
-1242274335
120995501
-692849916
680443780
1474313300
-838900156
-1233608226
-545881693
-1229428647
-1425411863
-402347395
1118750514
829239631
1625601885
1934269667
-1233583305
42503152
-1943374392
1327216295
851322202
-1058767714
486604189
1410832528
-1903749361
-2009836978
1337354314
512271652
-1703738980
-1273904696
1386506855
-502739856
857840873
1020219574
-802593487
-1744843635
1990560466
-1578331972
-1527744035
-1072261374
904185694
-298328103
-369698588
721676401
1172789974
-2091793908
1444478350
-416051629
-423319823
-1873346131
-1743861553
1849079868
826582547
1355619353
259496912
351702147
-758631048
1196758876
339927999
-78693282
841089828
-128532200
1788732374
-677987591
-1158302184
76032364
-92781557
905775131
-623453705
-375076806
-1527437789
-1283741156
2106322117
1501334572
176996493
2020621748
531682565
-230231779
2128461804
-529457999
-1356867096
-752181973
-2084370751
-1792313388
-2013460175
-438003230
1073487344
-742313242
340724000
-533214397
-131027090
-439808604
1492127765
385685620
-1918191638
813697180
1745647025
1272944102
-206493927
-1222983408
561869225
806750166
1064075114
-48751976
-1008765511
-1926156044
-823812610
-1210677448
-299005658
-1697070575
1196131986
986983290
-1735870006
614143244
-470905276
1823403654
2040645577
-1020164186
-1345994378
-739632373
-1052524721
-1627904593
-1007706343
-590097741
-2117662120
-489617875
-692439538
-1475856172
1904143648
-186526601
-1194171882
-464411564
671897835
1119154536
74744049
5611821
-356325763
-2078052986
-1822705991
219375095
-581478791
2069936603
1611555484
-1553741652
680337361
-1778207442
-478369049
637124407
1133440869
898475955
829709822
575994741
2063209729
901693678
309320012
1731003597
1507777280
1458503444
-233667591
1591003959
-273716855
-134765363
45086210
-1303224612
1376133523
-612322334
-665617192
1104779467
1534893357
-633841288
1811174182
-1491436217
30418292
-258548367
-1536113988
662736583
1129308479
-1054014634
-1787713304
249282255
-1699766902
1598015373
-1265254285
1821916959
-1442225136
1843357715
-1428486556
442823084
-2121929390
430387512
-128221460
120561637
-518912229
-120568718
2132596272
-1166254120
-1526285883
1203764368
-1276544674
-1832473760
1763723623
-784106607
1857966558
-1937593772
-349139252
-1536865775
-1832285072
-1548218451
-1271940066
-756242624
360557685
-483537399
-1633249203
-1226780867
-1778675618
-417579431
-1647014505
-1138172946
440269912
-111809986
1751099178
1671999251
-204085830
-1734903001
1704150223
1294216063
1607522390
-1336217854
-1453844594
1398328759
-977856269
-663160175
-1089794751
-956177834
504180037
-35120471
-1663912496
-120429451
276262852
1644671351
-836233944
766934950
877418186
298125630
1692361416
-1031962173
-2133105860
1631386121
-1310540050
1682910992
1901851244
1527236507
693253517
2131876993
-1987999330
-1686682315
1585645366
-598079325
847057290
-1595054108
-1480575769
-1406311680
-177933164
-2049850531
810581404
-1371284713
322887955
1168336172
-1963095107
357048110
932363887
1845553691
-1783512761
2066758767
226901042
-1437533295
1899440146
1239775956
-1524885522
-316321731
-1503860091
-502457108
1578075675
-1272641336
-1454772465
1966880489
-1403294082
-1388157275
1719522060
1692923147
-758408509
612031084
-693272868
-1324779396
-1979510967
675118517
2103841977
114814773
630113660
-1459892650
-311275196
-202708408
-29497333
-294387426
121716205
912220724
652844746
1404645029
-680913783
1311403949
-1432650674
681814773
2017924060
618018899
2009048115
1865374985
-1203418002
-430225089
-189661256
932189899
1526699429
-838781920
-1919339958
1111966109
-1084316840
-1105988890
-676956575
1888399314
-871101904
1958385343
-245137164
-2061496437
1173879617
1953124165
-1292080010
-921829177
-756063624
-377773041
1620844938
998839119
1237587169
-2124982670
-642749365
1201688611
778441139
481873575
-1119787279
-1732463291
-1635189351
2061344036
2007903126
-1236940524
228978816
-333280166
-1325130789
-525770694
580657503
737324174
1402556190
-2025195888
2126854221
1502530445
-1717279625
777921176
1896307503
395742832
1827698022
343960934
-1147025144
629261306
442751035
322867033
2052806057
176990772
-367438029
-891571676
440608076
-758910196
1623431371
1462851309
-577842906
-1594329219
-1609207949
1596812759
-1410043996
1009113649
573995003
2102581028
2129742957
-955664496
2134673771
-1431347042
-1487040796
-861916548
-1649131806
783161273
-1776967721
856626024
411689967
-1459249709
1903000973
-103222003
714694493
2005421680
1708398236
1720517470
-1567772772
-77607796
1398115350
-1754444821
-508813172
-818450998
1842537548
-680736739
-1881584581
1856628715
-1269790381
609432208
1308916827
1605288512
-105871763
603287813
-1215633978
1350782401
-486855596
-510140590
-1769387545
-173263174
-1185924273
194168948
2048097774
115780187
-928930090
-1919568203
-488469567
4270893
-1964024993
1539526390
-829322544
-1553225867
-1034743372
1670159668
-1831668151
-1131490349
100324979
1091857880
-1347955242
1005075800
-896255240
-82126561
-2116685436
190596379
-1686651058
1320802413
-421808813
-1788551725
-76103591
1589392645
-325730398
-1829888647
1983116527
-1193859640
-1002935057
655519568
-1991162738
748006152
1872751436
-2132049423
-1958558061
651495219
-1545966193
1034130012
-497973517
-1750967434
1686727144
2079218593
-1554293318
412877866
1010221792
-1684094899
2146113503
-1076953566
-2075962924
1653262131
-255835616
87868923
-1421105988
-811162588
-1576983013
-1998938108
-721199737
1296145348
1350326100
-185814561
-891837252
2115407439
1594002113
-1178888868
-1281387779
1642843923
207549473
851718237
1018263540
-1697515342
-1208802492
-76073048
2137197593
-640767803
1336751864
2084388955
2010112935
27034868
-643323269
-1896082214
1620964702
-490871059
127176161
1082057621
-843731128
-2014250379
-226836783
-791467520
-402920320
2127675705
-796243532
-1871284408
1957476940
-586900380
-805060446
432156817
988019349
-1428442340
297231622
1260509191
1459913825
1754416660
-325156565
-2072257669
-1009008255
-1521405581
137770858
1335334771
-26809205
-2020091116
-962508063
1231527624
-1935992095
1773172482
2932473
1953986593
1614696540
1887084133
1121291711
764307920
-1566459105
1693032743
1700954055
762529763
378085912
-1431383327
-520864820
-1772764743
1667619400
-1327578157
-1844991936
575805649
-116797354
448388286
956967411
1918931911
784582298
1364451229
-981951177
-215384731
-351419992
-282813832
-49375314
1636066861
-1914605459
-524444399
-1575103299
789287883
1579840250
-764962795
68167349
1481967685
-764254098
-111242753
-1260114925
2097946025
-1770176796
-1007270468
1128544093
1626357950
2023374330
-978246147
-766310226
-1991475397
744007058
-1521989205
1732288333
1351269105
-2147236995
-850459666
-946918795
2024982758
1004208200
-1660520691
-545830648
-1174040734
538425176
-313105828
-1186399313
-468504717
-168296534
-391046465
-1443913380
1733047233
704356239
363517555
258115872
259200661
1580758786
-1145572280
1122681033
833134187
35309318
426226516
-1860766042
1295342516
-726977825
2016274146
109966876
-1799756794
1768512535
-962605360
-62499428
213148840
-1447126325
1324117957
-334098578
-1153338635
-46627378
15455552
707067814
-2030506184
-1525153417
-1353567382
1720480418
1412394113
229786476
-1938688861
1509392085
-255490653
837575647
-726318675
1417241696
-333467565
1716068657
20529852
1958762333
1311329700
-33709581
495148592
-2034895445
-1523641135
-1673318017
-1074553214
-1265065404
-481874298
-1965049384
1703096887
-980767214
840722181
1509967500
-2115090867
171513579
1942745859
-2110812357
-1172239343
465167233
-1054401996
-2100914775
-1396703192
-1063933265
553125453
-1690617118
-219344758
1850954661
-1228143088
11402943
-1004064157
-709349396
-1083569312
1922314844
1243595105
922634018
-768627964
-166723418
1424048076
1858749080
470217323
-1129734719
4855537
-1156138869
-1267231208
649119121
-645864018
-1032362136
1598753288
-535150122
-2072317090
-30432292
-846044928
165590341
-570913510
-657286070
-1361959170
-638264331
-1369784204
-1970796590
1289179171
-984103434
-886167721
1326226966
1043744605
-2091208212
974381308
1216224101
-205507817
1647850640
-1219188583
-634195430
1519675788
884539217
-865904901
1480066166
301949705
1957173272
2123462486
-279154543
-539782815
-1394460706
364752246
891713994
1949088592
562616234
862570479
-627085455
-83010483
1841924753
2086563708
-546037484
131774173
-996835726
-950190659
1681639858
1832741562
1894030238
1618440146
-594002151
38793469
1973913668
-1849105498
-373245337
209274279
1272100697
1269357933
83345583
-355094128
974782639
509148560
-1799371877
1593973064
-1720113831
-1937920593
952805467
-1578830536
-2064350433
-1871761979
-1077884675
-482147062
2076230942
736495871
-119834489
-1542079413
2110446493
700339620
-1652026592
-630572107
291286203
-502064242
974529225
580605836
519282916
406627502
1264796130
-1684553158
1174696438
-824945125
1351479797
1201072973
1990033367
-346065635
2002515892
176206659
-1173531273
-516975658
1702499158
-1404823977
983657161
1211727137
-1102619775
1787643293
-1466416458
2057429504
607639574
-681941850
1474608707
-1293550131
-1701663816
-861696587
1412401670
-1400678233
-1177340259
1362687375
1019938678
1398935360
798719518
-1255730429
1392805165
630386693
-584242381
-24126160
-1303882132
-1222561579
-199980730
-474321331
-1305554105
1413791778
-1862158974
-1386273973
-567433006
354808903
-1144011517
1777087321
1182950906
-696242896
-899642
1588335947
1898219258
122573669
2059788587
-1628668503
322122297
-26158656
1256055038
-1160004489
-691144730
1652446155
-594133822
1781540173
-459048789
-228350567
-767016670
351471187
-1745780159
1577022390
-238613826
-419244999
747595421
-1636557299
-1471554086
1843674144
1406349476
1080584033
1284338562
2016808773
-988553664
-629639010
-1870518988
937146095
-695093347
13790550
498433679
-793003850
-2027075408
-1755350330
-723856562
482098954
574125541
-522244583
-1916975829
-1379398117
1081007704
250995120
-1815430817
893011760
-2008467340
1549837283
-3726065
756544802
-1019105023
1969954771
-1625007166
961432488
1981788969
1215347005
1325313508
1850037550
-277991157
-1372198151
-1816944232
-725611386
143387294
-2082503991
134255907
437806109
364310925
83286424
-826937181
1035382794
1077784499
-87904225
-1709392739
1869691116
314473661
-1683657308
165753788
1816433189
-2108897747
104552211
138300751
1317688208
1897784371
-385352333
-1898951874
-1366231511
-612985093
1676399484
782890078
1687910219
-985621881
-392355334
1131760481
1017903461
1514884911
1268536246
-1026906398
869385858
1776330088
-1877023257
1905479819
274760815
-137920736
-2037340382
620928626
-1512904289
1179708888
2079039582
2009731809
-182094349
-1161269942
-774077791
-1499034608
267109797
-1642609328
1241563136
-1516231445
242042617
-1781514134
-639666580
45107552
1741021480
569555065
1074576474
-186649046
-960932844
-739438696
-516433044
954134273
342835496
122531313
-306116574
1851944120
1494378897
-2009954452
-595478968
-2047917968
-1917712535
-577348038
1394421099
-184853319
-308131069
2039769284
-1269401993
1641257842
450759188
-355133381
619588055
-910544641
-864400829
1058514301
1059922171
44397441
1335794872
143974282
-1157245916
1211330843
841121271
1234429201
-2022908158
382145257
1675727454
-223386933
-956629557
-967870570
1181547736
-1488299310
35110750
432278297
-958335478
817022718
-1458053993
-1645170050
111914990
-920054366
1563085375
-2097886827
-683346208
-376831018
1436599639
840023999
-331593151
1537760222
-1408102127
1361583339
345536192
-492531827
-1029587459
581780279
-1857335736
1307801786
1514171612
1852079872
-801117173
-1793067079
2050431123
1506512149
1550575376
1785828771
1679156953
-441222927
1891823241
1643721018
1114629159
-135686843
-584383400
-2142531599
-1611846173
1682364576
1319180101
1752092040
-1236817780
658395301
-1079772558
229217048
773861858
1074620617
-80322605
-106367027
-1629859633
-607241241
187338168
-432047324
-732330313
721808640
233089245
-1262581210
1634836088
-140179654
1847799929
-44511763
88877349
1644761009
-843400122
-834731511
882950354
-1870603811
1356132231
-897738948
-2060588947
-1033311270
1732035665
-1028528037
1032405055
1130538808
-1938108354
1455143744
-683283797
394145421
-2024650494
-1436493915
-1904210178
-1825791291
-709728819
-507134900
605890510
-1633565326
-992251821
-1223716483
-2140508821
-1551959374
-394101539
1890417108
-1219244453
2055584397
-874923849
-1985206727
1236974649
-731587991
-2137135059
-1778767712
851702236
118286281
1221098372
-759528374
722739904
-1320243439
-590690818
-961072077
-1445317014
634423892
-763095913
-1638326622
587566650
84840363
972092900
431266887
-1672464069
780344394
-2139752083
-1102155581
-1506778895
834419587
411710546
1474731587
-864549230
1245951826
687919444
-1745596132
1273929015
925251971
-48488369
-154993653
-1689443885
1195921941
1171586532
-1801387028
-547865407
-1231609955
263039463
609709626
-240894981
-449564937
-1581463111
-130246038
-1592638497
-502884181
1599830160
-1037427355
-773504197
-1359736489
-68382423
-260940838
1431512796
-2086732317
2103736204
1638687367
-634640130
-1412060476
-1143332923
-608829156
-371831922
2102268636
-828858350
1615372011
-658564469
1208577516
-1524377059
-1402363516
-538855808
-602647577
4904146
528348997
1534897488
-260762200
-184623301
918031762
-182781820
-1685284320
2120006759
851431999
-710344938
480846804
702420547
1160405708
-199626172
857319565
1813152997
-1740386923
-182971390
-758071483
645222501
-914041982
-399697155
-1436130323
1162276364
341063762
-65326236
-692884874
-657471608
-1126703531
-952663000
-1945697956
-931416064
-839517920
-21542147
-1321574296
1504867678
-2027789244
-74025058
386310135
-731128557
-919770376
757409834
-161248455
660198120
723525549
-1293924680
-2058093939
1819317227
-85896426
2011355976
1888389492
-723727187
-1066016263
196813882
1090295701
1503515219
783993704
-1553912381
476223512
530208622
316984350
1728245258
552937521
-77548424
-1568463469
1525121541
-135157972
1657051871
1725564799
1515386658
1539219636
-1633254110
1084598105
-606439165
-912594666
-1351668768
-1325515103
-141963500
1277227590
-88747690
-2147102749
-31608006
1816299391
992515258
-45137057
-2065808465
-1129593779
1859232054
2107189167
1943830155
1655479294
796171181
1189431304
1500038604
-130217210
-932037229
26976936
84461830
-1176002295
2008256164
-1321219839
310767954
-257102798
606289504
-1048639526
-335724345
-46436063
-1443585804
-1986844151
-1654731622
1472890202
-381595793
560093980
-333521953
-361665863
-80855410
190400830
1212949882
-1558359106
1135933058
-1330432404
473614160
-1025897667
-1836346171
-1267703056
1064327450
-1429326859
933746388
-1860514022
1007853121
657647926
-517721550
-951734038
1035653410
-636595381
867100230
1797606383
696628729
1144131059
-1952584678
494163710
-1445569163
-2038700300
-1888771130
750930821
1847822757
-367854606
1688097146
102929647
-293377377
-817813223
1835803589
-1086869561
739823759
-1432049952
706827202
-1822151881
-1727396501
742415422
201878770
1571306170
1905795321
182393559
-243281821
-1915856695
749309358
-990590654
-36297777
-320286688
-1615793808
-1098568800
-924639497
802648063
-256437966
1481943643
-547516044
178639967
289481488
1568791996
-1202576825
-209909211
204483617
1479681669
1733438987
117444350
328754611
-494231673
-162256329
-2049291767
-471955697
679556070
-1401289893
1006664869
-584972355
1949799173
-1893235338
-1005505604
-1375600063
1711430845
-1337225419
-1685321426
96668126
-710301239
1793639793
-1017779572
89557489
89244135
-1618803102
750267627
1018687814
1505726175
-1928039338
667101123
-1823794692
-1535736736
-91444510
-2046630114
1520762664
-2079984863
166499606
962765393
-940258834
2102858323
1817326365
1993598828
344227297
-28082644
-1501190655
893011058
-401989709
-189388356
26533732
542645273
433273649
770697362
-248238656
1308666813
2055478381
-982625403
-117137509
899825037
1330681853
-871017752
-974438668
-258815509
-1260461913
2077692999
-951577121
-1143651802
773064117
1127541570
-90831860
946621538
-1075081260
-558470555
927295436
-2054502085
-1388292091
1433644550
1079000418
260081162
-217906118
352351865
487859214
-1073628872
-1339372492
1986749472
-126227981
-871433613
-1541738651
-927582474
-1021694273
-831030039
-1326837
-785057687
-1059761734
58723890
-608257334
1122698626
-28433188
-1585783164
-1224215079
-1973761169
-441415291
-1169475827
503172920
291402189
-1907366368
2126381848
328825498
-338566550
497743001
649794013
-1933660849
-788025329
584005314
921463615
1506559504
1747346935
-1414371626
-538365509
-1759997020
1221281312
1166592417
325716207
148050895
-749634472
268161607
1442021215
346604439
-1296217148
-2017677746
1245066478
-1709767782
775065540
-1983623157
-1857852644
981689209
93356647
275376969
862269110
1575434337
1998711631
-1190822821
666848884
-1840764334
-1826175026
-599902194
-1620396963
-2005886708
1013729849
-1297000600
1336115026
-287589015
-1821656555
-1786556497
1599663470
-1230114176
1259797698
-1318968961
-1666860109
837026458
-1078783782
-274911010
2127771262
1522545822
1683354051
1207533827
712077756
427139411
298458293
-591428596
2135057160
420126670
239357811
-738303067
-1418314764
991705573
973174261
-622351612
-2067021152
-189157048
-2045123944
364393699
1212774227
722544680
1974767539
-360560880
-852737688
-1160845667
-1691189991
-149022846
392769027
-232725461
-920073011
-226377777
1399430984
1884725617
832221110
1496506118
1576106526
340576386
590218719
-1538689765
-986306658
864309530
1135219400
-1828575674
1897669159
297815431
-2050274464
915295525
1951668008
2133551412
-1924947516
-1960744488
93857572
-1857144322
-528467655
-224789144
-765366053
1497663508
773660726
1575760583
-1521249022
649064423
1750512348
2096750071
1964429903
404611312
-1514220197
2126145056
-532962787
1436436643
-1774407386
669509456
1296843688
-1123185726
677727319
-948626892
-730771408
-1398661124
1459730163
1348864849
1359521999
1142001948
-1683099505
-1673228168
-497938774
-40886602
-1554614210
-288439193
-17239053
-161228240
-632252269
870472024
-1964629176
1847882617
1515085792
-1712749200
711034775
614392622
1875109163
-274342490
1879589845
-1075735510
-300559543
1700970242
-1929749296
-1220959957
-341444323
-2001134611
1585956596
2093033355
93219793
-631500639
-907402245
150209971
1134936984
923996036
564763591
613071784
1594823930
-1322424224
1890507559
1661249709
-1814469745
1836329551
-1096882455
2026989458
961264511
1410005129
492582303
1445140929
-2084655819
2141472106
1970527177
55860491
-390615083
-1389105926
-344077613
-496081436
715946745
-2090490274
-321750471
-1654681989
-1090954619
296643964
1542965477
-1163070671
1367755215
-1940074864
724968712
945002693
1036264621
1464216475
536324137
-2012013369
1686639353
-933930293
1522736161
2115696344
1589691109
-2015817897
-1813891162
140475528
-1329894616
1700272528
423195108
796777554
1065935364
-926496156
-1126129235
820666431
-850858988
-990370746
176748103
-753828631
1064248356
1351410646
833626596
37527104
12413015
1568989849
-1553656481
-322283081
-1238964956
1710676173
703367646
-515664524
2111298751
-404279488
-683446946
1250672228
-506196153
-394851848
498536323
1327842950
-201544904
-156448910
-1481774969
-578336426
1376366344
415741661
970750249
1182007414
1930100231
2124155717
-1433068385
826483636
933607560
-917586856
158061317
1485639705
1739585085
-1082119255
1790385512
-1352118622
-1452972217
-886359040
217510897
1972685233
-780373701
-342297419
-879618310
2090486406
-737565585
-155725531
626780219
-139884506
1815522301
1812185921
-535528870
1621995716
-1460365736
1644313036
-1183409980
1309133204
-947836428
958385312
2002555306
-1650539916
-391602273
549236490
-1418089552
-2087635107
2113932806
2009213574
181682592
-500502811
1802925839
520653529
-881211958
-1243333204
1615638893
1908384174
-28675748
1323925607
-530010822
244542947
-1493452499
-1085679252
1617072581
-1360285561
-1434985128
-905540102
1528536014
1372664861
1131450558
-480331786
-1707010167
1544941813
-882481140
437235409
-530919811
-1801916640
1091997066
-1539199510
1047816660
-2000288982
1550949775
-153349052
310446382
-1364172677
-2034079883
1179451300
2117794044
173142629
1211440488
-2081986579
-741166473
945128398
1470256402
-666782993
-681501096
968726381
327856665
224384453
-955036914
2039140330
2125721033
-968075479
666344060
-1908213662
594691030
-2130070344
-1916650181
-1109127253
-969640244
1168176743
1630304772
1421441343
486139829
-21492157
-392307913
1577513269
-991919501
-296425135
-1685022020
-1070329352
1413769675
-166011325
-196050985
1658614564
1815878104
-970084931
-2033299219
1250055894
1207818921
737397413
-1431075664
82996790
1724103349
1319804625
1429201326
1507797556
-1641313585
-2017144314
437458997
1659391219
240539285
1671877877
-1558299826
271632604
99053660
1199054576
1131677387
-734096573
108481497
2098232064
-1632164927
-1467996175
1966218262
897047689
-886049327
-1084791717
-1748209350
674134570
1043547092
-802973750
1700989561
-468486964
-1798166471
-116371701
-416391589
-1330344988
1943324804
196972647
-2098749425
-1394524771
289587953
-1497643833
-1984350001
-824179398
-1629004571
-1949764908
1296731296
-817406550
622586979
1315457883
1753147789
-466419474
628368071
1665388187
858770839
60547936
1770179930
247879751
-1733434935
-670676910
258713063
-2004137170
-1369034703
-1335989952
471072208
-674362013
-1537762937
-83116194
-1069885723
-1806939827
219920689
-1364646709
661734920
-1616047810
1312884606
-962618524
289776004
624612738
1702219725
-493182313
-1411047814
-2136142031
-850307218
947530632
1031077220
-1242282297
521206533
-1840420550
-823274741
1179857454
-623036735
1217159485
833267964
-848520507
-2034069876
-1323462277
1289728154
2121231718
375790422
-1401511775
664424351
1298944309
1557923530
2068201380
-1709663394
889435251
1739936934
-2061214094
-65668258
377100034
221214568
1372394737
193702769
-808279961
1459616598
-1665957485
-498290055
-1240139013
-2001991405
407910145
311720008
-572982899
1775938242
-705121692
1356442201
1018908338
-1924662321
-1518268927
1132155751
-1749500441
203814095
1691762028
-1211874646
1451611493
-1643447233
403087989
1909881852
306149463
-239385096
-884732779
239585626
42075331
-1884419263
-891817362
-69588685
-1281297787
1819423131
1764843460
300347141
91846749
69432880
1057661975
-1460547985
-443083867
-477492838
-1760154916
2048507806
-373630589
627608514
1216883824
1476105506
82490643
513946416
1119772493
-938566313
-76241905
2124310240
750709160
-1344476072
282916289
1017391546
-1384638566
1775411382
1315210305
-1568546994
-1161911296
-549763282
79393515
470551718
-1194735232
1254907512
430169882
-1065437979
-1086655816
178649235
752167273
1812865112
881491331
352325176
-627436847
19126864
-546640931
-1649685657
70458355
-1397323887
1363475191
-1433625751
-402315390
-1240394932
9954472
-1278643212
711415498
1063516489
-686667922
-1606439835
127627609
-174860552
-107083949
-2076222311
-311177528
-1069474924
1321950167
1471095777
860589080
-1304829185
-712629413
1144627367
-1164971479
1665775906
-206849706
1185008243
177422889
-143128766
367318124
49621530
613273293
-1260081506
1713486829
1568953378
1557847537
-154591032
1832756819
1708707057
-318826159
-1881116362
-1506907496
1100437631
-156237218
1272853847
1912247744
-1990154123
1606538103
1873689728
-1815951939
425955556
-2001720882
-254817371
-479914516
-1542566476
-1562247654
1728679156
-801388848
-17691789
-980153611
659955443
-702996273
-1038758541
1010857416
-1718937477
1540754374
-1678093175
1904429899
-977139751
8740032
-1344241117
-446552450
783715099
-1989878603
-1671662325
1910021761
1946851854
1815962910
-633608736
-1970978380
-489948045
435562483
1664675351
-1413441424
427470061
-388588449
340975858
-239168409
1425299106
-586759176
-144378475
304844831
-142505158
-1129817035
321912184
2058386267
-821159495
1257167775
-1861142069
697716062
1702239021
-1378267746
-1999705110
-1182997980
2140857654
1423772188
-44487434
-123665471
-346046176
-1495018049
1650729024
-1416375525
-345974872
-699361719
123353660
797076119
1937856086
515806366
2121819160
1625906105
981266206
1452176749
1926553708
-301405713
1764514268
347303934
-1608978494
-647407313
-982699019
-1068809964
-1837622484
-442976759
-508152253
-355147793
1384610268
-1310492920
1626496104
-666628609
-663197563
-1593041398
-1888773242
983249145
1345998009
1007291369
-1936182823
1057572209
2116217331
62865768
-120509860
656015209
-1557718248
-1831099884
-809330075
-1277211047
-530676291
1071150796
-560598539
-68236566
-1746952713
-1249041349
2095178250
1967165419
-1320789328
1487252488
-1679147676
-966732554
1743676498
-1170357883
2095002624
-1489167893
911125218
209874901
2005274505
-1555064340
1748143384
799078932
-1903063342
-1023873133
873342990
-212847056
1699032565
335301021
-740915998
1134298102
1465343247
-111484646
950278195
-1703658064
1552205344
597877753
-1934733001
209456417
-1616485326
2050480474
-1745084179
-322405487
-1384249361
755647682
-805025301
-1635101926
-1340266801
-162656604
2039861149
1025752868
632541160
390916300
-777553517
1827250677
-1257638473
793594001
1509577447
-341524348
697566249
913090585
186197061
-149826633
-103529225
1800924918
1844079683
1782908023
-112432267
-922419764
983803580
2089501487
194900829
-333875508
-1301168870
1230606428
-1274415118
30605399
1883615695
-775021535
-2066678219
1178666267
1713181357
2143183889
-1172074767
-1637782246
804401064
-1254303434
1597379093
-880709507
-1925752228
-303757256
-922054744
-1191862070
1598163014
1231130639
-314240349
1756868405
9027372
-451929020
-1067651162
972935038
394588817
956528553
965213450
1050568767
-1216916678
742128496
-629716574
-1997804898
-316595075
178190687
742684319
106075220
1203560257
1648328882
443534838
-202678148
-1326849084
1971536636
1230950392
-806832999
231875040
-1092856704
-1807377838
-1568096832
1466804247
-517332265
526814761
-732153237
704215639
1405393487
1019887554
544616999
-1449497730
587528660
1135971469
442235664
1711788091
1805239561
-382635813
742484189
1783360493
960932995
1676933552
693932013
244250110
-1555031890
1472482127
57542668
-1845845450
-1507534041
-1402445651
-60515092
483990941
-1132209275
-1425548170
683944140
1959149631
-125362929
-1956865824
-1640684603
-974933356
1556546761
-331009129
261204622
1190701441
-801343720
-2083960358
2106107592
391327232
-1180800939
521438801
965480477
221012543
865134232
-920230298
-1799661344
-429521243
1311062760
-358236844
1397237752
-669924538
235352855
1578587644
-1471211832
85699946
176717998
1993991477
-1421894500
1525986830
-10002243
1047784860
1893448219
544018349
-30392377
-1440392610
-1657823697
-2130415659
-75879860
-1180008509
-580698399
-823615168
1342458287
1460263084
972028848
-289789890
-1679958805
1966981710
-1818254283
-720049833
685333772
-193638152
-2062268951
-746445991
-593764051
-819000351
-527047133
-964045972
-1507534261
1785555393
-240940922
1158261835
82486081
1515170449
-742328866
791474807
1482858213
1198278228
1950827515
-1742654670
-2064481919
-629201236
863124331
-1224443641
2144413798
1853521362
51322753
-440691580
-437518773
-1016449780
-1817851187
-1020045856
-740271230
-2031095535
-591580249
209676352
-1942657519
1313005690
839335479
-1780110658
611941845
-699917423
1210805965
-335162605
-57684433
-694882668
-855713177
486552761
825326159
-847495234
1187191548
1446003726
-1744285138
485251872
-324523828
524945225
65259799
-1761425267
-1497164644
613598047
97352388
-2118470340
1284245513
927141777
1142082331
-1865210042
-870483793
-2119458394
-179066398
-1339049535
25797191
-1668288520
-1456535946
40197259
-1902829588
-517718861
338682818
-333256953
1224785825
1028523751
-1291008281
-1575572624
179912631
2144023250
2032792385
-13714668
892628945
203424970
-517478320
1448530426
-64022035
-670540376
-927886980
-1695855443
-1016244367
-338867152
1653591696
1996614923
-336902323
2127616420
-1978803316
1113120951
-280057036
1995986028
-414848100
631430041
-1387374225
-1576043812
-1536308835
98514657
1089518818
-1994481415
2006388785
-1456424792
1771810861
2142942418
-1978292160
-1625066578
-963074784
568253597
-1275576332
1984846270
-339119992
-250754819
-270423529
-577606448
-543372226
1876610158
-1477441012
-1846152160
246244875
1240897111
-5437088
1583036029
-94554582
399221409
-159008394
2075224883
-2054449907
-723122366
272314455
-923221731
1806870539
-1479702861
900758583
-1557109543
1414298212
1126456082
-1737217651
1009911420
1636953872
-1986899610
235097321
1598115585
-996557619
-180024529
-1475239883
-1632156954
-2026602693
-518467868
-1423619396
-2004214192
1279351011
-1156527545
1894324909
669153702
-2116705134
-1444412306
-1683038290
902394807
935186501
57435686
1358051263
1584439949
1326592531
594116512
-1288523648
307145636
-1784018796
-449579258
-1145220443
2070717261
948568750
529086618
-1615340973
1335719632
-1348493823
-831915792
471607038
1493394818
-50068925
168633669
1007872813
-1106418396
832695342
-1142513621
-892195854
-507385764
1886394365
-481951028
529714817
-1034171263
1066945822
-285318848
-558376988
636304107
1937025999
698003172
2081739360
534179122
-973631389
-1650187207
1858078213
1940115377
505959547
2022564340
91743386
1838318403
1767811343
-572197280
-897505839
168035369
1847680695
610558762
1603803185
898041403
-128688276
451853742
-1746337493
-762889781
-116657201
-1916702437
-818073532
1118580993
538194923
-870393788
-2006860532
1015721877
-1782122542
-1578642767
325059753
1737851569
-1249060917
-1827535017
1763539592
1349657676
-1079743194
-981926687
1062021269
-1468951238
961091890
-124971249
-1293754142
1595443321
-1847968729
1092401661
-324172331
1953751198
-1648263463
-1457181048
1147513097
-105576720
-547317624
-1306846847
601152200
1227853705
41694849
-964797087
1151977959
1343024775
-1119784463
1822534995
-18876189
-1688307570
634602419
158094638
-299579659
2020086778
-783349383
-1306993914
-1499571818
-91940836
1229092354
193996554
19687364
1982697325
84382389
-1278028582
-2067993218
1555524534
1464573614
931388137
-1198752788
1873265826
685923402
-800267923
-724029773
1238037731
-1042501148
224984823
-919969719
75571376
159521366
1697715360
2088076908
-1445021406
-1290013286
971266635
-1245548275
-1439852165
1341257644
1227206037
-1717349625
1040693653
1776501059
-1118053621
-573998364
-660865282
1136016725
446895787
-2043007890
1029963392
-301728357
-1311394153
83401535
1992267070
2039045177
1905546010
695455735
-694602549
-1647644856
-1950990748
-888962044
-1557851482
1212777281
-1299450636
-1186111540
1887812158
340960153
118692897
-217379389
1093796328
342913458
-845017993
-698142164
-993939754
2119800714
-1157736720
-489750571
-2084912996
1405533892
-1932577223
1798087031
-370865931
-848803561
1355569662
1683940872
-560852091
1574204813
-1557466569
2010907537
-135666598
435415042
-606311592
1771701166
558249407
463385301
1643397650
257729223
1175843655
-1337693872
1283546378
1903733093
-1944409378
1255295869
2095769224
-1867084096
1877346228
341918796
-366115347
-807326825
-1632873422
-299296628
-1978739434
297240645
1347092831
-2096183698
-2137675669
-289438812
344708724
-21658305
-262151358
-417036191
1491776339
795543842
-1545358846
2073634242
-269431872
102537277
-1688783151
-868042882
2029405418
-353305479
-1563990464
766835083
1690593540
1486910323
1957844696
-738750996
66445602
799900182
-362990607
-1423182900
1355788276
211276003
-172959564
-753770968
-1015557147
-545227402
-1865481030
-1776535731
1087006760
120255405
-1234167147
-1533463255
1745524172
-733618986
959640034
422884322
-1158538526
1605525721
-1175100218
1428889826
-1440561012
1761925468
1982433897
-1843573183
1624685646
1185374472
-513619942
-1686815514
1366379786
-55359976
-903238888
-1920495768
-960382701
-816858706
-145163764
-1077783553
2059771920
57949504
-1829193456
-54303970
-992360831
-957843422
1705254466
881910132
40474601
1592734928
-1058074612
-1297980434
981246050
-1761678625
93978708
318076003
-1764200161
1257007876
2014206524
230443193
267717816
-639632019
-1508365775
714641031
-415270843
-97716314
-1519653380
1062981213
-916022952
1646146570
1344690601
740708050
2099786860
648423459
-144063944
-1367143265
-1462929529
-585360616
-1304748613
-1760953340
-774872587
-269982085
1607665954
1287611255
-148821084
1678560901
-1708243615
1210287253
627448809
-680556456
1006932333
-1562730587
363332946
-1283828810
1786828152
-958126331
1470127996
-1712290901
1246552607
-1974279903
-1157934826
344631088
-903732675
-1420291748
-2122437115
1209952585
-2132047959
-466441572
-639637160
-147653201
-582456157
-1900150535
-183490257
-1607964489
325956104
1799597811
-1525857203
52368515
-2024041421
-1224211889
1991340147
-359459194
163110878
266337875
1853814743
-650169350
82068705
-1798529392
-1503745184
-966440752
976053585
-1246210067
34579675
573721601
-498281484
-677125954
-1212792932
499661206
-593739408
760130384
-1161320842
1829139848
-1417795049
315658198
796008812
394258730
-1593842479
-1098228584
-612936222
2065554635
-432309573
-421196519
-481481225
1891722154
1131100985
1758480466
-808743089
-462236766
203164597
784161317
-496567484
-888984590
321662572
780478747
-1270109745
-257857299
2029428878
-892633160
267289970
833351353
1098327865
911477668
236635469
-1793908509
-1285901168
-1903354752
1668308802
-1001801365
-1987327183
-816230869
-1790336671
-738587934
669878575
1821783728
-896348512
-20277129
-1245509783
241169082
-1914632574
414013721
575533144
326237480
-784754405
-767927778
407443823
-592649186
-2022499191
-1351610257
1863339885
-1345878013
-1163713337
-1055995948
-790384359
-1583532600
-484888606
2134017698
1504017249
-1831473722
2100829673
1953204723
701799758
-1139537725
-1584578511
1784386293
-585571435
326267071
1822317283
467419467
-2067105642
1816547548
140249613
818482587
-1152416131
-1140209045
889838062
865398330
-515281114
-212591825
1254872883
-1819062260
607050266
1293039328
-633410982
-1291781898
865162242
-895096739
610075770
953330396
1847413595
-752465849
-530809087
-1929327231
-704510043
-1078349273
1434513963
1221216947
1545985396
-2081234871
-1891244981
961838438
-481735404
1972238881
-1789278437
-974124444
1446451249
-945370851
546131769
-736040793
1130007370
357953837
1609521691
569881145
-281650589
-1484763918
-1478652015
2068721412
-729933514
-1476809458
-1269713583
-406885122
-2062909713
123568033
1024231467
222376252
1961140528
-245874939
1545548517
-1149990770
713416433
1252803587
-644852398
1919193157
626354958
-980651070
-531191593
390351516
837474300
1975918056
-1745678227
18812104
-2051696110
-246721218
1479056798
-545846371
-1137929915
-681578720
-1289553115
77524979
-56278238
260566279
-677464949
1154276405
30818253
-1956894906
-1389543557
1161778211
910383203
1758477259
-667025130
389946361
455613239
-1415248472
806950567
-1593064853
-1705535131
1725255708
1569877273
-93553274
-792503162
1026663987
-1612424600
-269895641
-1702542103
-1577618717
-1280685435
482138238
-12102160
1714642265
548916693
-1813144324
65159415
204436926
-1938168410
-1608062902
-388232099
53053316
-1982530577
1887061799
1198799881
259296470
619698176
812593468
-344616453
-1331527549
-428881629
-1686097899
108449297
-1903156765
578921032
-1978788331
190542937
-419535649
1326398832
1507004038
-1316469025
-157453193
1080625009
-1508770481
1198506179
-218172416
-634104609
-485461333
-2132332068
-784465859
-813440716
-1240817896
-1961954347
965285438
-365761462
1147167792
1023684349
-1344844724
727330654
-519440318
1684392146
550302415
1636418006
1250288986
-177814428
1772374344
952240873
777031260
-801569094
-1088670618
1839514152
1061584495
-878669804
531279315
-1896871729
923601242
-81031324
1399943095
1735434434
-2002758750
1419581183
1926091640
-1577963656
1950636139
1111507957
-1879892845
1841769613
-1906586496
-1561709960
1969380929
-2040028996
1494405702
-2139969802
644895872
-1317692996
1590265030
957968628
1286140948
-1773740067
-565171823
1807110200
-1929024726
-219073849
-1655089518
-1574229659
923403595
718353525
-1645584337
-374569602
-1604671560
1923828371
-1283322562
-723847521
1103601942
-822544530
505787669
-2136962416
366528758
-575698877
-7257538
915392992
-192162362
-1663481407
1690448403
52440245
1743452896
-7238876
-681084481
-941908498
-1006395307
2053396021
-1444768613
-762111340
1191305079
1610074675
486642356
-1692502724
239571798
-2139565412
1156108845
2075609802
91304786
192594746
-2090044301
-830867249
-1020373091
905251220
1224543106
1227781416
1435166294
1365659750
-1666257814
-1884641009
528960731
1318118876
1630784314
-100809276
-819856780
-1420039698
1593070912
-1031043420
-523018202
-810413310
1852639146
1397156615
170980573
1945845925
-1096190233
-455978939
-861587453
-2050330780
1408636507
1407845659
1365455127
-586901473
131492460
-1108393083
1806317563
-1961028406
1706207834
1427890675
-283349831
-1258825563
-2057501292
1743322385
1622663982
2131919995
-427456346
-1350880483
-1458566337
-1949890123
-1846326651
-704030830
-477191984
-807397596
-1925502091
-163443105
1926625188
-126188027
-289719200
1401975523
617383511
1818203497
-397321270
-677406478
-1550229577
1636246775
914372930
544373256
-1926048409
-1715490919
-974663818
-1450275139
-1534429304
-606897155
495317538
832237889
-243928266
-1022033386
433052930
1539385335
163576629
939817893
-19886346
1377918761
1262741261
1147476159
-1794639140
756213548
55816401
1194158047
115457232
-689494463
6833425
1963859429
913924042
-1894007765
2077700914
-1052941556
-460940672
-2094128168
609193187
1652567856
-1424847050
-448764438
-1610282856
284418707
1076252723
-1786864012
1080574779
-1079597349
286763272
1224227365
200086861
-1037382975
-1279999435
903167924
1905028115
2095983423
-404496796
1848026612
-1091562415
-1232560970
-2067203088
-726868560
-173789313
-271503444
-1431730666
-1144526975
-1539485674
-348619701
974738322
-925955140
-902240513
-971319476
1033192593
-1996982481
-113884916
-1682964378
1597481265
1138883675
-764969969
1807680152
1280115531
-407725023
-765824478
107225816
-1939651850
-1314941103
-979433370
-353758745
193824345
-62815952
949447095
-532627878
1931604294
-476636984
1602564712
-1315522205
954582112
-926031997
-184721651
-547560448
-32926706
1147618678
-1769944118
-1696908695
1761953015
988602342
2026042125
-1679090058
-1871510908
653822443
-1692711843
355450985
599495886
1669685327
-247865095
1290034766
1013406836
-710088
331581529
871868624
-1066243515
1956788190
325074313
1154805414
-913295226
-921558119
2027037584
1466099223
-1830999443
1894338230
-1683978903
175719084
521576139
338079493
-1773333279
1616817439
-1189010951
1231396050
-874147362
300900876
1274255438
-1768720160
934098896
-1928377675
-1880356604
1226964521
439422820
-1188928461
2024817365
-1416861315
-1773440027
-1702172769
1655782878
-1229798422
-1313492127
622811086
-220742613
-214111472
-1541140449
-1119680754
1547260352
1094196991
-1689128867
1245810679
-886953921
-1762325320
-1295119516
1009503636
-786973813
1761932835
-1936394274
1449993829
-28424201
-1736679080
-1316873895
-510209757
-930811439
1744626875
-1381022125
-603040268
-137997585
-1211684937
-211598518
-2118866396
-249374581
-555342161
-1438521477
-1861440119
-419567005
-1093673794
70200319
-488635342
-817319743
40327380
1706837712
1712981494
1020994407
-1559776700
765537530
-1842317901
-2136563163
-1078653675
-1438753979
-1680808876
-52554103
1631795835
1633884630
1926186807
1083137493
1316126534
1758828534
1504891249
-1849577300
1043595011
9613419
951984002
-1492929974
1739587089
986612401
1749071099
-1257153391
1476054841
-1621312258
-720498053
2134326193
-1428967593
-147904668
-765407044
1315026158
199705095
1696992616
1499291545
1222604985
847811573
1429753865
1381086399
-569756054
311450157
-1261686258
-1817405174
1775428719
-1686133222
67851087
-955114785
-2098998469
-230224048
387131496
-674706791
1327098162
457127384
671912021
716866879
-2105958792
24437973
-2109747843
-284619456
117498366
-1462365782
-469183536
635367980
1721145250
-965447951
-150712559
-109169406
417203986
1900307956
1515515140
-1805425329
-327591035
859060380
333352002
1256951425
2056145572
1081694142
1343878113
780136747
137467791
-1518874267
985570979
-1602677036
823497285
-786273552
-2080143908
2121835785
211909713
324943670
1970179287
531463005
-519128177
1327810559
-1247683396
-714601340
-429476777
351382690
1353478684
986322457
-477550244
-459170761
-1112847345
333369991
913488273
-305370391
1844712060
-822646502
1208333016
-524187895
300067480
676381505
-1546324480
-470657545
1591869926
-186634028
651633530
-58889665
-1041012826
856660661
366047705
-496867519
1434002558
-697803490
-432319318
714869747
-237921368
547129157
406097621
821069002
2033643211
668506674
-1502431055
-1201772243
184807179
1891238678
-840189247
2067589222
1842937372
1945089072
1840921806
-392858776
-1631246922
-1359362738
1078101520
-481602540
1637967815
-276151504
546410929
203670908
-1954390621
-972754
-1970343452
963923179
-780063602
-589775275
-1577440997
1028167534
-1262816777
1231091979
-1643690847
-1288863510
1600827448
-1406295678
85725323
686222592
-914092284
730738292
283904858
54911641
-1713565717
-1318884404
1331369037
-236009057
-1254371081
1742522675
698403930
1082225426
1336942244
1044029173
-559277876
-1937802865
775756688
521725795
1700169091
1464860741
-735823590
1406343736
2078907130
-1227261127
-1989263223
1598246845
1614694389
-1362521180
-284431023
25657455
-998940273
1253879142
1692998979
987849196
-671542313
1801858632
1357492452
-1167335761
-2119868663
772659248
-510048760
-2050775249
-808025705
103119437
1461296279
-2073837175
1787394024
-368390708
311539466
-614857318
-684892074
1883500677
397376611
200846969
-1910694783
-1710462166
-1401479960
184029864
406548867
-646751112
1645434782
1341222593
98870981
-1948892869
6800992
-968929503
306995461
1126792550
-900452803
-110149666
-178616472
-81998664
1423383747
272033573
586752253
19434251
1452299460
-832401776
1378486950
1865167730
208034380
-1232701700
-1260606358
1203066427
1382147575
-1609501287
636203202
1134919069
1060640738
-409279947
-2003795176
-2147441729
721918386
-716002278
-1757388214
-706819558
-369052452
-590547723
1925882342
118637713
-1508192504
43789968
543902628
1076467043
313886352
629095578
1789040686
-412719986
-1761662205
-447423757
-973641800
1349269053
1686871095
-2098243533
-1405104936
-855935695
1990824456
-174386846
-479165355
1604461743
-327275859
691787332
-955444303
1208058775
-1575881818
950301277
612716411
-907581525
111074547
801157799
-1896345683
-199025521
1489615338
-1573167619
8201540
-1353397355
1774842874
1677071244
-1653089058
-989647044
-1699310342
-1366686883
-1767621607
-1535267809
1915442394
-432377026
-1005738680
1273434434
-1060329953
-69705490
-2012110808
-178262526
1699554955
-1066702145
732186660
1805194350
-1404018880
-232190469
-1062178762
123309158
-1240810849
1345541667
1584375034
-1096510696
-299176500
-801440026
-1867726388
-384449163
-1733516944
-947564965
1242655825
-996863539
1353360026
-976447851
-1588254119
-1131198752
-825031059
-1233522096
-896500341
122238368
-2046508508
-888412630
391855170
-600883584
-167632321
398532919
-899307933
-85085193
-994737531
-1938738079
-143966426
513627820
499978631
-2027201432
1576759300
-708251643
-1685318757
-873061195
-1606749702
-330292031
1657850767
286024878
-890335302
-461632775
-804362929
1173255857
-1389877286
-435174261
-598676033
748514293
1220727727
1311945475
66670492
1864270174
-625645563
-1433866115
293102438
-1962757213
356828616
267456624
-1126350196
173915340
-1338167212
1309991590
-2080733670
1679159589
1147339963
-1179670437
1070764889
-746661492
12306938
-848162391
1054007461
-2127487081
-981324122
1046826392
-1610647727
-1972489306
1596173619
-613009337
-683639750
-597633632
423057273
99026953
-506153128
985458461
-1101117997
-758578228
-1852714740
-182361913
-455142340
-2054880600
570063436
265481271
1701414167
439071833
2016806292
-360547862
-1480599141
-426572438
-1975345635
1345384243
1688459738
1944745844
-1366534552
-962103159
-2040697841
1323866031
1068152152
-586175943
-1439739493
-1360235742
-1635923572
5173989
1010204803
-1862485582
-1045196844
1583416283
260553623
2013323021
983517198
-1950659934
-1697716679
1101974594
-1938754384
-116089331
1253230716
56530854
2000568724
-1565372442
1167155766
-1377173906
1061886298
1226691146
-1913282077
-964631905
1324978787
-806244327
-1273623483
-443583911
-1035778729
194710492
-1605731064
907561009
777044356
-1536220091
-1583179444
378061559
-795895956
-2010123286
1235459991
901793152
318214076
-1112285837
-2125533883
1772406032
-907983398
-662411339
-1764054126
-186466746
-41234069
-430078272
-545824425
-631388125
810380700
618257325
-573070169
85796085
583272902
1556628393
-460418771
-282852051
1059948030
-148486572
1800205267
1555665751
-2119479031
-707687535
-1612257347
-1458369096
1565100934
-1401891404
-171603898
991788753
158320275
1246300454
-93186688
-1176246575
682936814
168463626
-1907159016
-1357124211
-225825993
1143165972
1134458422
-1676153063
-1027115178
-2139108365
-1588364801
1963062885
-1127056063
1180742803
1597155040
1200377834
-1344695018
-1734217962
1652401514
650376772
-892799445
118216146
1661562351
-78862666
2140298810
398938324
785600023
-1905064010
627315895
-1594890843
-259065888
-664737460
271798616
-1002400858
229390644
1404973539
-496199483
1612662967
1968077410
-888624650
-1003786468
-138421881
-1878157575
556654264
-1751645661
542046313
-1436498647
-2013710008
622745091
-575112476
1937259319
-112804675
-1078919156
597894597
1353088487
-923533142
1024619272
1968207064
1087465286
365539813
1391741065
-21070393
-2112228186
-854194341
106111
-1825620806
541039320
545103858
-725742815
181826839
1655872804
-1320822368
66557915
-862021970
5143470
-726930639
1803946239
468909601
-432559872
1668763422
1549018295
-919161443
1926044601
1117608426
-714907452
842259233
-1369648273
-657125705
-1302634932
1320225319
803793977
-665189123
-1218820056
-142128766
706548024
-117596337
-1131117792
73410288
865708917
-368902947
-2060757435
-1609063535
-1750932374
-1996589006
1899955556
158650740
-1700763413
756792876
-1409856534
-336001392
982813018
-1290097270
1300454524
1451433577
817184586
-888645438
-1652187195
1168072184
-1216127119
-2098433077
757761818
378969797
1072651093
-298957967
11930754
318454266
-1577483181
-106286763
-1870246703
1581605379
987912984
-96166779
-2120877108
1054249832
1566828913
1802667822
1413813859
561415606
-607196923
558438167
-691063542
588993883
-757844286
2106634475
124838778
-68170604
-496491132
2086527799
1280094269
-2018599320
651876769
1124355070
1694398466
-234615419
635793558
467393792
-1567019752
69847326
806670480
-65812724
-810349553
1344799091
897688618
-982752541
1617483745
473941348
-1574472469
-1089934801
-1930861818
-2068170773
-1153084391
1966668114
-1773571327
1818616742
1267674880
702910619
-1636983719
-1640284812
1779488295
-295866564
3941705
550955180
25793439
-997669745
-897342661
-296801578
707877708
-1727576560
-780087340
-1847259767
-893381883
-956100420
496407532
1562384058
762486290
82255149
1247055787
-1914691982
-1534724017
-1746794199
793325942
1906838306
1709546478
-2091135377
-1705329109
-1420001275
2098715156
236501608
-1349706996
-1087551522
-609254
549246004
273332377
164175989
-527454352
-1484913636
2120384551
-460850639
566700559
49072858
2026243830
-731204991
-1764812211
181139030
701785671
1792537276
1442641188
209968761
2105122088
-638754977
-1274986501
814866683
1430700820
-86892291
-728322994
1258669572
-890746633
-324621346
-2124897954
-242684264
2130775650
1215288402
1087762303
1102220733
-1426712991
-428858994
-1552741739
2077225838
1552679987
-711138311
-2083053316
1477042813
-978135923
-1851641543
1218791324
107292343
1804141220
-1561823442
1106256543
-2032234518
2067885909
-1182804066
1568628829
1900435838
-2100564286
375349885
1991235859
315300754
-776734666
-1607480231
1185851214
-1505664207
-268851646
-1010701152
1237101268
745925986
2021424593
821786948
-683785210
-1430636316
-733891158
1606737722
-54072651
-1706479356
72583797
-391958006
-916737601
1502324143
-151739850
-83327362
1728093345
1149687946
-2021480122
344781541
826191747
1727884817
1080354238
-2014511449
-83148300
943217804
-1467115367
1092273385
516575166
-259208210
-815606102
-273909415
-1041536452
-806215375
-462648027
-724872394
-1691271962
-1477454425
-1717235892
1809879045
1564287759
294851590
-1389779454
-1222886042
1790788915
675455945
1087679517
-1005183165
-1763225730
757818050
-414439786
1258350864
181922947
-836493478
-1524567852
-369711967
-340780952
-1173304923
148935468
1255975792
-1812716165
355007231
-1886734313
-1914472701
1027990574
-567190225
2129752745
1429126304
670458035
1210505206
1014035741
-1496470519
840511773
-1677522823
-728851236
233469218
2121121073
527003166
1661191713
2076674670
321560182
553434698
-342150861
-1941702567
1281483107
363822809
1965943344
-324455139
583673782
-559396161
1324013093
-1207748220
861580515
513985242
-1090640198
-34380749
697218878
-979670036
-1235509716
539296974
1104749010
-1390554293
1754563153
915801124
1242355681
2045588994
1446530419
151341232
-1987113102
1715421245
-1515587701
-1927464687
1590835359
-972790336
-1122559191
-935745685
1081746069
2030501017
2146848302
1450008750
-1064611924
1468069891
1049241825
1512968330
-1731293296
127028617
-1499014805
-1590318429
1026920548
1807767060
1885636965
-1043816311
1714969380
-1105886248
1205890917
-1079760229
193821336
1592093183
-2058174395
-1432377757
-186323024
-499499173
230768447
-165190227
-158138902
-1637674607
-296346032
412483543
-1598760732
1019923044
-1035829481
-549903321
968268570
1545341935
-585465981
-1962781276
1771524248
-2016432428
-332993138
-653790170
-216193744
-1687417842
-144038770
-1734137628
1152300838
1569217223
-320132863
560773802
-814576427
-253745469
1946207767
466204574
-341731373
1466389343
1525788170
2046610125
2077204754
451664116
-127477400
-1953024802
-657374632
929413227
1148090542
1514215428
1797873622
1854064443
1715540450
-572179205
-1735494766
707130548
670424583
1568263509
-1460847092
1544942008
312855778
-391434035
-744378099
-1476848858
1449030223
587707883
436594532
-434792277
184745524
-61418010
-76840520
1393602669
941394496
-308513708
-1177994041
-2059612616
1090659794
-694148576
-1106086964
1186179435
-1337685122
683687359
1511395175
2051601566
-1214163102
1076228991
1878324403
-1741756271
-333040995
372140528
-1113777120
169439826
1328583197
910437065
1912720063
-1069663863
-1077356806
72469305
1930226466
-811946458
1708194426
-2089223451
739693365
-1624991023
101346019
-1885672616
-168388891
-1326956158
-1202789159
1313683047
-2090563918
445803175
470332472
267437692
-62318279
63682778
1551113238
1718838616
-379206154
1040898146
1901852378
639629870
625373347
1623310864
588695871
1796789670
1732620669
144796892
-1799154586
-1315148881
447380423
893553934
784040195
1486881321
335275068
637533013
9681346
-377666693
-670995807
-225227439
1956185666
1521460150
1240355063
-1996567548
-139466476
1364632067
-1363776892
-166384659
1208494565
280956892
839755271
835451695
-565680775
869965625
-302244344
-1874056595
1013395226
-1646462110
140858493
-118813517
-454884148
-1892142697
-1093504732
-1455053794
533533309
927504495
1247332840
-1598907903
-408742881
-440907366
461553826
568957863
-1594696922
274671907
-86755560
-98675242
-1309131426
-2014004806
1994526294
-1332021640
-1817872493
499169392
-1376260631
1171015655
-1572545101
941926616
1593542080
-1138450565
46721251
1714275576
1222277617
337191769
39457716
81403088
37300976
369957675
2058879438
444523583
464695449
-754408016
-2070235211
914746084
-21272193
1875470333
-1837469236
-177354906
-107170918
-2141420925
108826527
124653667
402118990
-1072272118
-1059504110
-1133528921
-1706861152
-1173807502
1154549684
76985949
-200500172
-1696545960
2025472687
-728911106
-1197476843
627609116
1378238840
-2054192650
-280192813
-709055851
240310345
-1892756962
-67705259
-1745852836
1349178000
-1078502560
-1255298178
502126065
1379772579
1892295859
23207860
-1147720162
-1727021116
-990610772
1216206032
1509165608
2041528534
-1816868459
1934624682
-918001933
-1325287214
-460104771
-1353370171
1618780783
1387254928
303571625
1386794546
-1294908385
-1716796220
-234588142
663493599
1645831813
1173798168
1757508937
414857309
-789271145
-368428198
300659026
-950368226
-1569228508
-935636471
577708872
-1334375317
-783632027
1758928616
2061638514
-1647832213
-1855358367
516008736
-1635682190
1513513646
-879139413
688509325
-772818137
-929934232
-26952778
1695897072
872618828
-1350663808
524339391
-271927610
-737499855
1104503758
2144487311
-1813052826
1640325866
-997524911
1237452175
964958284
-1197399887
-1742584792
2028484694
812594680
1268569324
-384611453
-193734376
224534316
25882927
-532336110
-1411576192
809215731
-200297830
-1793215208
233547858
541137434
1921265
710006364
1210777747
-1065572614
-910198821
851202713
-874070114
710010119
-2124443847
1245535041
-1280948049
945020027
1866423832
717467191
-827139634
-597017890
1475588811
-886557550
46079768
-1766509198
-1648851024
-393630741
2012501866
787550106
1463663262
1995981709
1326427707
2073353920
-196531209
277243287
-784179045
-1584972679
-1824403773
-799655902
38016461
-838159966
-548696065
1169144813
1414981634
-616160733
-1440898113
-538631698
1138638356
-1665146163
1399406502
-1003135581
2098591201
-2035024946
-830218418
1460718053
-2029282416
1385191002
-70815511
-1664613833
-848964081
1073294550
1760150329
-1836398715
-672129606
-931907691
489449977
-296870481
654691401
1944985446
-686273407
183022184
494147442
1303170398
-56552373
1994832296
1014061456
755999486
-1619954107
204585671
-947780955
1913443764
-1686144300
1515939396
-941886295
1298628526
302386907
66339600
-877091137
2042485560
-2084071019
1433366944
1819459867
-279150675
586176493
-19780997
-816321939
1111702737
965094973
1405752643
-1389799255
-1407738695
-1581650536
736362740
-846193556
1609685694
-718984310
-922246065
1259222329
-1638917326
-2035838900
100929938
1873158554
381069609
640911048
1300297659
-870612261
1759579720
226518680
-505167305
1304278945
878206915
495375247
-1469204521
163905950
-1029429096
1528178609
-438286270
-515134029
585421559
416371139
-768020270
1485276486
620460589
1738077917
1234488544
-1468942274
488707311
1060815657
-488933751
1936202474
1199812589
-1043226379
476783884
1277557773
-952873026
-536848919
-605647980
249682734
-610293156
-55731205
2023037320
563690613
-1817010423
-1271542723
-537444670
2081979593
-535008361
-320315259
2025278999
-1275422964
2020549785
-648849637
-1747586585
11250227
-768453162
-1690034440
1141235558
1039367990
-426524925
-492301842
2133786798
-1771358376
2016076684
1793915403
-1611319491
-79389835
-1762712735
-445514469
60817303
1292374304
-900030178
799180859
-819739293
394702885
609565130
-1498763457
831146032
1523795211
1952883795
-1562806524
-1641070401
-1240720373
-1024240641
2130536261
1172107401
429328346
-1005858480
812956951
1058226540
1918327297
753691232
494633371
-1120598198
-603182897
-1316804923
640878648
1864451825
1035921512
-1473749786
557057203
-353161633
-2040246384
-1548324908
-868671388
-896962531
1252399490
-287423044
-1992984880
559901999
1323460606
-1800006264
-1278797801
-2099694193
1577265689
-1074355711
93050506
1780486973
-1326700810
-836282534
-232824979
-1631155879
-1303314372
1177456237
1862611215
847680609
-1433076453
-1326628746
-911511168
-815269663
-64265396
774747542
-1941480398
-2011428063
-2129819940
-703726924
-75742602
1374229157
1188224792
-774428642
-1859762731
-711650169
-1612479676
-1681869346
1376475739
-442782353
2139321405
-413892042
-141321069
2088317334
-1495865588
-1043202742
1277780820
48153780
639950137
-844419037
-1795957277
1438231979
-409897005
-1090998724
395114683
1467786560
637830820
-1194039701
-1815336175
266070929
-2124342139
570605859
-30952422
-465460775
902305546
1733888366
-1050907760
-1255324914
-395023139
-848864453
2131646052
-978699307
1160374669
144167222
-615247102
-1683479361
-653165819
1016960497
325676001
-1106641463
713528822
88715520
-51184838
-1331069036
-692087119
2142431639
1414086899
-128901261
569398992
-218710477
1932968546
-1335429424
794541746
-1951556825
579486511
-917363544
317140344
-396286297
-1008580748
-1807091196
-1625124210
785765321
-1810718307
1257879180
602454110
-1825943633
-1987920009
694759979
-2099860074
-1417519127
-1206474394
609380945
-1181120262
74414021
-907453166
-18465126
1200205929
1892085910
349326658
-1580888240
-2099010401
-1864581926
1329005950
-495439944
1821343237
-891463783
-1644086604
-1090836359
-493402468
1630610331
-1217510972
-589456843
2118933150
-413140244
-2139796374
1376593829
-1558671683
-1037735800
-1294418371
-503098880
1311115395
1371607737
-541080921
-158673960
1125530662
-336782671
1188055791
432589431
-2012673626
-618122382
1038360774
587912630
1588739269
605316439
1927576492
-1466672842
598045261
-840531220
-988287763
776312138
-2011992762
793505970
1675275822
240621802
-1482312940
886637596
1549170328
838742114
-1053759684
648348087
-1544127859
-602284442
-1959289158
-797620906
736194052
-898310788
-1918360376
1441313766
2077864630
-281492572
-1369648032
394354940
1599854832
-1071906724
1062248973
-669562624
1998988688
-572844646
1575962162
-1049512516
-1330790409
1393236003
-400310114
976352775
2050929524
-656847459
1280830421
1856130349
-35134787
1334150693
938766189
-372299378
187188152
1661315451
-75788884
-1579119305
824565740
-277021201
1377617672
228645482
1890574207
-1497323388
1743938966
-292617996
-2136854352
-1547368251
-820317046
873320367
-581257726
-438374012
2007468944
824747920
-399508642
502599332
-910998932
1690623800
1892167008
1496755257
47011900
886435955
-1179728025
83488617
-458926133
-1250563498
1891052937
1982316852
-1477902417
218568784
1494105644
831596037
-987281864
-2047453279
-108946665
-1857949958
460395083
-1886926868
-23908774
2043203365
-820004839
1733192660
-1630370717
920371471
-1605206216
935923238
1037027825
1420774272
-457082309
-2004992392
950377261
-314755404
266019675
554503961
751122859
-443364175
1404961668
167075915
1866979226
1527601334
-855789408
-1239092365
345103002
-675176256
832633470
982980718
-1883558311
206744790
86290453
157002978
-1080679974
1816793637
-779986685
-1334007601
-342598591
-1022311729
495829864
695261385
295064971
-980280535
1010666808
-952495372
-1706756757
760700
-1002185590
-1006769337
251570403
418901602
-1957710437
-253092773
2079940382
1755605636
122807831
-1799615003
1944374834
-1138266179
-1575012241
1081344489
-330230910
1503679278
-1198327177
-973395508
-1468428798
1944422166
-86509214
-1660613697
-1176066826
-1214582254
995661392
-1630679118
-643271602
1115917906
1890445883
2031641509
501729192
1390315866
819944343
95171598
2021166947
1183973837
-1137533277
1291638281
1370257906
-1776031331
-2090349035
-1628718845
580111220
1988795775
1452764243
1865891584
-1826467411
-558510638
1879366037
-1446464301
-1739093809
-289904703
1411086191
1782235331
-1625942221
896023372
-573607149
-1298741029
-460769820
1314292523
2074680559
205977634
-428343879
880682444
-180864538
1090294185
1720360528
149136672
627851786
619051979
-1096642636
-949771751
-2106058149
692666819
1551558373
-1831218029
-599401075
1480360868
1497346384
420565700
190330463
1870515538
1350930790
-1298227823
-2141758006
-1103604567
-888609364
1139391037
-864653178
-1207994577
1372516697
-1030642796
-1463399706
1004646883
1035596324
1037162274
-359243566
-1466251497
-214383811
-1955575772
-1844042710
-1688782024
2018417012
-1630578983
218523235
1207499352
-62824700
-120869625
316875016
1162892077
-434812181
1317020921
2022037385
1469200635
338942716
-1922881052
1386346244
-1884481583
-1803811340
1482876885
-1235494158
143923018
-1164452087
1441691462
1152279682
1579733452
1455555182
-231786907
-1317995947
-765288623
681056837
-602747793
1715182253
-1064045421
-1250010774
-1336376709
-1181312050
1544330791
-791858549
-752838130
-304880590
610664019
1958016408
-1085618028
309608585
1714471179
-1772995462
-779569041
-1607692234
-2124801710
-1817692488
-269707735
-1284654039
-663850123
1926387323
-116402597
-1166137330
2114448020
1404454904
1165207905
1875675411
1359304267
1816382258
300562769
-1070180811
-911647220
-1794686195
1617574288
1827258044
728225229
1561352406
-284208101
-859817846
-866182203
-1244067552
2110887619
150458091
622450528
560957987
100011278
1353096099
-683108175
-1095767533
-2046272794
-7414853
-1051800311
9126940
76110965
-716725546
1561456135
-585358626
873696220
213067940
-1473218106
-1927228954
2118627637
-741742852
-1098745088
-796704520
-1501393602
122206696
140591468
-1143677672
-861213122
-411227371
100033298
581944910
-1395238237
1967357422
-1536847471
-1314475591
-984196191
1611202050
-1968441575
1909588927
-1746641852
-1555716833
1673179719
11964980
-2025992456
-1327577686
-896120491
700782146
1249395733
1647357429
-1047908636
-1292412516
-1052615858
-1265528167
-198003106
1727228917
1674986090
627429604
-243098022
-926412438
-1188574671
1929896535
1874366336
-1990288094
-653300907
-118547579
-1761624789
-307903571
890020340
-289232484
-1365073401
-1013971611
-1232619475
508624287
-1073211541
76714766
-1510705554
-857114416
1353369932
-720050538
-1687960967
280691158
-1804670431
-2133057059
894995243
-1322547399
-1098347740
-1694530568
-1888894750
1639346898
769724568
357827152
1214674496
168101679
1154269077
-1404972744
388733068
-601936994
944765404
445587665
1742289723
-945710081
-1460634308
-910951425
1188190192
-551114825
1076066536
-1152026079
-1624145969
-1986906639
-2027803655
656817167
759081481
893064992
-182061136
-1165836349
-1381534424
551697125
-1351356339
704452189
1493264286
1985681128
1611746468
1393507661
1510423052
2053921605
120451131
-1303877783
-188204523
297559479
-49335361
544646291
-1875643611
292197069
21850206
187021858
-1706119769
-54674081
1268471899
-1415354779
1754432829
-1220442851
-257508683
1808569493
1298754977
1883982005
1151110357
222938785
-1044231611
532112806
1586527826
-1940819178
1024020583
1123040974
990458867
1514632088
798221349
853228277
1254609965
766734871
-1108491999
1469646093
1490824837
-1171849420
1491693705
-1542177792
-2011915241
1588796051
1284543727
94481753
1508601923
1493426253
-548928344
-487042509
-1538530100
2058568799
194702703
-1881160277
1450427789
-939758667
-706596061
-1209092230
1470257885
-2074712179
-1975890492
1981879667
1479145846
2030366079
609852987
1704328727
562199141
-2070798589
-1125377456
-112331622
839509523
-1678898452
2145067974
1967434438
46174978
-1111028712
17609706
2052984266
1417086662
-138941810
1405229663
1020879243
130717024
1560063439
-1885364646
976102453
1095266144
-1533009323
-339970884
-319682647
420237228
-1954533460
-2072298084
1528376893
-1532441337
-970608008
1932631973
-1466057127
1084668222
-1466264599
-707123028
-2109524992
-563327541
393548078
876481634
1327173530
1421619181
1681761100
73402026
-489770212
12878816
-2031180065
2145756846
-1761019426
2032335556
-933158449
-1066117098
-652320004
-220918752
-654579105
1969450071
-1571193847
-1223964292
109940091
-623539485
885655658
-774543597
-590933449
-667600274
1226504219
-2098808831
-929332411
1249482796
2113555167
-274662427
-1001350823
-1295877148
93236095
1836161408
257746179
1482086734
313909724
1835779622
448597128
1272420580
1348823915
1650735464
-408628296
1932343812
247800940
-2119831517
-730987124
-1389920382
2133302121
1457825979
1906057303
370068339
-1784181273
1289672792
614234023
1802919324
433328219
463996643
-1987877820
1868672086
-1661309725
-286095386
87505942
-24382757
398627622
1813127997
204712686
1446494925
-1370519539
2046580766
-1223678410
654429820
-1464495807
-118346720
-494205928
-1701615501
-923538423
-1778421131
1995092209
-1079144468
-1319056199
889640429
1932375619
-246303816
-1918066212
-37727056
-1860985284
651173780
-2060551392
-1968286188
-812065081
-1008984878
-739638103
-1027815496
-349235896
-1367511408
1552424236
2041100438
-1901918979
1012372643
1422511199
1890810716
2091430381
659718084
-1079283659
-1425491999
-1411451106
41704394
-924980764
-1728309619
971233562
-103918952
28848915
2098852171
762382305
-1262798635
623941769
1291147022
-767146054
-473007101
780190192
1689938885
-829926838
874298436
-1151106900
512215654
-753139782
-641696834
1708756570
1216480334
246454211
1652640663
-1645872182
1882319672
1369306513
41437022
2147163143
-1859760798
-82109681
980204187
1172646369
1664550737
849245355
-973445862
-1861142608
1585600280
-694658939
295361151
-1255119156
89660194
1273897583
1817631479
1191080340
-1429552886
-807628155
1715836602
-1247959154
-1019322854
-474477007
-1016060939
872944143
1342436353
1604198202
-466666202
891133100
-1103321887
-426210029
-2041185018
1389249991
-486268250
551497014
-1443891964
-2072331434
1585990853
1556682318
314169091
-956055305
-258076337
-623250419
652077504
1031707964
822996072
1474901201
766676321
155180012
2092773688
-1636507476
-1260808915
334391242
1951257987
-2063947106
161959300
756945606
